INT	STRING	INT	INT	FLOAT	INT	INT	INT	STRING	INT	INT	STRING	INT	INT	FLOAT
ID	名称	准乘人数	ModelID	AddHeight	RideRecipe	未知	主坐动作组索引	主绑定点	未知	副坐动作组索引	副绑定点	坐骑的移动声音ID	是否能跳跃	特殊高度修正
0	虎	1	1010	0.5	447	282	549	attach1	282	549	attach1	-1	1	0
1	黄骠马	1	1011	0.6	448	291	558	attach1	291	558	attach1	-1	1	0
2	灰狼	1	1012	0.5	455	271	538	attach1	271	538	attach1	-1	1	0
3	雕	1	1007	0.5	454	289	556	attach1	289	556	attach1	-1	-1	0
4	鹿	1	1014	0.6	453	295	562	attach1	295	562	attach1	-1	1	0
5	鹤	1	1008	0.9	450	294	561	attach1	294	561	attach1	-1	-1	0
6	青凤	1	1018	0.5	451	265	532	attach1	265	532	attach1	-1	-1	0
7	骆驼	1	1015	0.6	449	293	560	attach1	293	560	attach1	-1	1	0
8	牦牛	1	1016	0.6	452	268	535	attach1	268	535	attach1	-1	1	0
9	白虎	1	1002	0.5	456	276	543	attach1	276	543	attach1	-1	1	0
10	青白骢马	1	1017	0.6	457	290	557	attach1	290	557	attach1	-1	1	0
11	白狼	1	1003	0.5	464	275	542	attach1	275	542	attach1	-1	1	0
12	白雕	1	1001	0.5	463	278	545	attach1	278	545	attach1	-1	-1	0
13	白鹿	1	1004	0.6	462	280	547	attach1	280	547	attach1	-1	1	0
14	金翼鹤	1	1013	0.9	459	287	554	attach1	287	554	attach1	-1	-1	0
15	红白凤	1	1009	0.5	460	281	548	attach1	281	548	attach1	-1	-1	0
16	白骆驼	1	1005	0.6	458	279	546	attach1	279	546	attach1	-1	1	0
17	白牦牛	1	1006	0.6	461	273	540	attach1	273	540	attach1	-1	1	0
18	狮子	1	1019	0.6	561	270	537	attach1	270	537	attach1	-1	1	0
19	白狮	1	1020	0.6	562	274	541	attach1	274	541	attach1	-1	1	0
20		1	-1	0.6	20	980	979	attach1	980	979	attach1	-1	1	0
21	走雕	1	1025	0.5	446	285	552	attach1	285	552	attach1	-1	1	0
22	走白雕	1	1026	0.5	445	284	551	attach1	284	551	attach1	-1	1	0
23	象	2	1027	0.7	443	269	536	attach1	269	536	attach2	-1	1	0
24	白象	2	1028	0.7	444	269	536	attach1	269	536	attach2	-1	1	0
25	双人雕	2	1021	1.3	-1	264	531	骑乘点01	264	531	骑乘点02	-1	-1	0
26	骑乘陆吾	1	1029	0.6	440	288	555	attach1	288	555	attach1	-1	1	0
27	骑乘木牛流马	1	1030	0.6	439	267	534	attach1	267	534	attach1	-1	1	0
28	骑乘鸵鸟	1	1031	0.6	436	269	536	attach1	269	536	attach1	-1	1	0
29	骑乘犀牛	2	1032	0.7	442	269	536	attach1	269	536	attach2	-1	1	0
30	骑乘熊	1	1033	0.6	438	267	534	attach1	267	534	attach1	-1	1	0
31	骑乘玄龟	2	1034	0.5	441	272	539	attach1	272	539	attach2	-1	1	0
32	骑乘蜘蛛	1	1035	0.6	437	288	555	attach1	288	555	attach1	-1	1	0
33	骑乘河马	2	1036	0.7	430	269	536	attach1	269	536	attach2	-1	1	0
34	骑乘马车	1	1037	0.7	431	292	559	attach1	292	559	attach1	-1	-1	0
35	骑乘天马	1	1038	0.7	432	267	534	attach1	267	534	attach1	-1	1	0
36	骑乘兔子	1	1039	0.7	433	272	539	attach1	272	539	attach1	-1	1	0
37	骑乘舞狮	1	1040	0.7	434	269	536	attach1	269	536	attach1	-1	1	0
38	骑乘驯鹿	1	1041	0.7	435	267	534	attach1	267	534	attach1	-1	1	0
39	天使翅膀	1	1042	0.7	429	266	533	attach1	266	533	attach1	-1	-1	0
40	骑乘巨人	1	1043	0.7	427	272	539	attach1	272	539	attach1	-1	1	0
41	骑乘大绿龙	2	1044	0.7	428	269	536	attach2	269	536	attach1	-1	-1	0
42	骑乘麋鹿雪橇	2	1045	0.7	425	292	559	attach1	292	559	attach2	-1	-1	0
43	潘神骑乘	2	1046	0.7	426	269	536	attach1	269	536	attach2	-1	1	0
44	天使翅膀	1	1061	0.7	424	266	533	attach1	266	533	attach1	-1	-1	0
45	骑乘春节白熊	1	2051	0.6	438	267	534	attach1	267	534	attach1	-1	1	0
46	骑乘碧水金睛兽	1	2172	0.7	532	269	536	attach1	269	536	attach1	-1	1	0
47	骑乘旋转木马	2	2244	0.7	1079	269	536	attach1	269	536	attach2	-1	-1	0
48	骑乘春节年兽	1	2253	0.7	1077	269	536	attach1	269	536	attach1	-1	1	0
49	骑乘情人节花车1	2	2254	0.6	1078	272	539	attach1	272	539	attach2	-1	-1	0
50	骑乘白豹	1	2293	0.7	1080	269	536	attach1	269	536	attach1	-1	1	0
51	骑乘黑豹	1	2294	0.7	1081	269	536	attach1	269	536	attach1	-1	1	0
52	骑乘巨猿	1	5023	0.7	1083	272	539	attach1	272	539	attach1	-1	1	0
53	骑乘鹜影雕	1	2365	0.5	1089	269	536	attach1	278	545	attach1	-1	-1	0
54	骑乘琉璃凤	1	2366	0.5	1084	269	536	attach1	281	548	attach1	-1	-1	0
55	骑乘瑞莲鹤	1	2367	0.9	1090	272	539	attach1	287	554	attach1	-1	-1	0
56	骑乘如意虎	1	2368	0.5	1087	269	536	attach1	276	543	attach1	-1	1	0
57	骑乘银月狼	1	2369	0.5	1085	269	536	attach1	275	542	attach1	-1	1	0
58	骑乘七彩鹿	1	2370	0.6	1091	269	536	attach1	280	547	attach1	-1	1	0
59	骑乘龙血马	1	2371	0.6	1088	269	536	attach1	290	557	attach1	-1	1	0
60	骑乘青牦牛	1	2372	0.6	1092	269	536	attach1	273	540	attach1	-1	1	0
61	骑乘烈焰狮	1	2373	0.6	1086	269	536	attach1	274	541	attach1	-1	1	0
62	咖啡翅膀	1	2376	0.7	541	266	533	attach1	266	533	attach1	-1	-1	0
63	骑乘松鼠	1	2399	0.6	1093	267	534	attach1	267	534	attach1	-1	1	0
64	骑乘蝴蝶翅膀	1	2419	0.7	1094	266	533	attach1	266	533	attach1	-1	-1	0
65	骑乘巴天虎	1	2492	0.7	1095	269	536	attach1	269	536	attach1	-1	1	0
66	骑乘羚羊	1	2508	0.6	1097	267	534	attach1	267	534	attach1	-1	1	0
67	骑乘雪羚羊	1	2509	0.6	1098	267	534	attach1	267	534	attach1	-1	1	0
68	骑乘幽光羚	1	2510	0.6	1099	269	536	attach1	273	540	attach1	-1	1	0
69	骑乘飞龙椅	2	2512	0.6	1096	272	539	attach1	272	539	attach2	-1	-1	0
70	骑乘火焰貂	1	2551	0.6	1123	267	534	attach1	267	534	attach1	-1	1	0
71	骑乘熊猫	1	2552	0.7	1124	269	536	attach1	269	536	attach1	-1	1	0
72	骑乘恐惧魔狰	1	2553	0.7	1125	269	536	attach1	269	536	attach1	-1	1	0
73	图鲁克	2	2554	0.7	1126	269	536	attach1	269	536	attach2	-1	-1	0
74	暗影图鲁克	2	2555	0.7	1127	269	536	attach1	269	536	attach2	-1	-1	0
75	紫影图鲁克	2	2556	0.7	1128	269	536	attach1	269	536	attach2	-1	-1	0
76	青麟白泽	1	5070	0.7	-1	269	536	attach1	269	536	attach2	-1	1	0
77	赤麟白泽	1	5071	0.7	-1	269	536	attach1	269	536	attach2	-1	1	0
78	憨宝熊	1	5069	0.7	-1	269	536	attach1	269	536	attach2	-1	1	0
79	黑天马	1	5073	0.7	-1	267	534	attach1	267	534	attach1	-1	1	0
80	云霄羽翼	1	5086	0.7	-1	266	533	attach1	266	533	attach1	-1	-1	0
81	梦灵仙驹	1	4332	0.7	-1	269	536	attach1	269	536	attach1	-1	1	0
82	江南锁甲马	1	2727	0.6	-1	269	536	attach1	269	536	attach1	-1	1	0
83	大漠金戈马	1	2728	0.6	-1	269	536	attach1	269	536	attach1	-1	1	0
84	绝地	1	6993	0.7	-1	267	534	attach1	267	534	attach1	-1	1	0
85	兵马俑马	1	7033	0.7	-1	980	979	attach1	980	979	attach1	-1	1	0
86	秦始皇马车	1	7043	0.7	-1	272	539	attach1	272	539	attach1	-1	-1	0
87	七夕船	2	7060	0.7	-1	995	994	attach2	272	539	attach1	-1	-1	0
88	红熊	1	7113	0.7	-1	269	536	attach1	269	536	attach1	-1	1	0
89	星空天马	1	7142	0.7	-1	267	534	attach1	267	534	attach1	-1	1	0
90	飞豹	1	7158	0.7	-1	269	536	attach1	269	536	attach1	-1	1	0
91	垂云翼	1	7159	0.7	-1	266	533	attach1	266	533	attach1	-1	-1	0
92	圣诞驯鹿	1	7170	0.7	-1	269	536	attach1	269	536	attach2	-1	1	0
93	清客摇	1	7207	0.7	-1	272	539	attach1	272	539	attach1	-1	1	0
94	不死鸟	1	7212	0.9	-1	1034	1035	attach1	1034	1035	attach1	-1	-1	0
95	翎月椅	1	7311	0.7	431	292	559	attach1	292	559	attach1	-1	-1	0
96	雁门风华	1	7465	0.7	-1	1106	1105	attach1	1106	1105	attach1	-1	-1	0
97	银汉浮梁	2	7481	0.7	-1	1117	1118	attach1	1117	1118	attach2	-1	-1	0
98	替模骑乘	2	7488	0.7	-1	269	536	attach1	269	536	attach1	-1	-1	0
99	鹄	1	7604	0.9	-1	1034	1035	attach1	294	561	attach1	-1	-1	0
100	白鹄	1	7605	0.9	-1	1034	1035	attach1	287	554	attach1	-1	-1	0
101	琉璃鹄	1	7606	0.9	-1	1034	1035	attach1	287	554	attach1	-1	-1	0
102	寄居蟹	2	7646	0.7	-1	272	539	attach1	272	539	attach2	-1	1	0
103	昆仑雪猿	1	7647	0.7	-1	269	536	attach1	269	536	attach1	-1	1	0
104	烈焰追风	1	7670	0.7	-1	267	534	attach1	267	534	attach1	-1	1	0
105	绝云焱龙	2	7672	0.7	1196	269	536	attach1	269	536	attach2	-1	-1	0
106	绝云焱龙附件	2	7672	0.7	-1	269	536	attach1	269	536	attach2	-1	-1	0
107	青翼战龙	2	7673	0.7	1195	269	536	attach1	269	536	attach2	-1	-1	0
108	青翼战龙附件	2	7673	0.7	-1	269	536	attach1	269	536	attach2	-1	-1	0
109	霸世羽龙	2	7671	0.7	1194	269	536	attach1	269	536	attach2	-1	-1	0
110	霸世羽龙附件	2	7671	0.7	-1	269	536	attach1	269	536	attach2	-1	-1	0
111	圣诞靴子	1	7674	0.7	-1	269	536	attach1	269	536	attach1	-1	1	0
112	艾虎	1	7691	0.7	-1	269	536	attach1	269	536	attach1	-1	1	0
113	跑商车	1	7699	0.7	-1	292	559	attach1	292	559	attach1	-1	-1	0
114	情人节翅膀	1	7719	0.7	-1	266	533	attach1	266	533	attach1	-1	-1	0
115	白虎翅膀	1	7725	0.7	-1	266	533	attach1	266	533	attach1	-1	-1	0
116	玉蝶乘绡	1	7817	0.7	431	292	559	attach1	292	559	attach1	-1	-1	0
117	流霜灵驹	1	7915	0.7	-1	267	534	attach1	267	534	attach1	-1	1	0
118	牡丹车	1	7913	0.7	1127	272	539	attach1	272	539	attach1	-1	-1	0
119	凤求凰凤	1	8489	0.5	1215	1232	1233	attach1	1232	1233	attach1	-1	-1	0
120	凤求凰凰	1	8490	0.5	1215	1232	1233	attach1	1232	1233	attach1	-1	-1	0
121	赤影	1	8514	0.7	-1	267	534	attach1	267	534	attach1	-1	1	0
122	蝶羽粉	1	8515	0.7	-1	266	533	attach1	266	533	attach1	-1	1	0
123	周年庆马	1	8601	0.7	-1	267	534	attach1	267	534	attach1	-1	1	0
124	幽夜	2	7160	0.7	-1	269	536	attach2	269	536	attach1	-1	-1	0
125	圣诞驯鹿	1	8663	0.7	-1	269	536	attach1	269	536	attach1	-1	1	0
126	情人节黑红翅膀	1	8682	0.7	-1	266	533	attach1	266	533	attach1	-1	-1	0
127	情人节红白翅膀	1	8683	0.7	-1	266	533	attach1	266	533	attach1	-1	-1	0
128	海洋车	1	8850	0.7	-1	272	539	attach1	272	539	attach1	-1	-1	0
129	飞凰羽翼	1	8880	0.7	-1	266	533	attach1	266	533	attach1	-1	-1	0
130	黑金铠甲虎	1	8892	0.7	-1	269	536	attach1	269	536	attach1	-1	1	0
131	苍山寒梦	1	8932	0.7	-1	1331	1332	attach1	1331	1332	attach1	-1	-1	0
132	骆驼	1	8933	0.6	-1	267	534	attach1	267	534	attach1	-1	1	0
133	七彩祥云	1	9047	0.7	-1	1357	1357	attach1	1357	1357	attach1	-1	-1	4
134	筋斗云	1	9054	0.7	-1	1357	1357	attach1	1357	1357	attach1	-1	-1	4
172	天河灵鹊	1	3363	0.5	1215	272	539	attach1	281	548	attach1	-1	-1	0
173	羊驼	1	7908	0.7	1127	267	534	attach1	267	534	attach1	-1	1	0
174	黄金马红	1	8895	0.7	-1	267	534	attach1	267	534	attach1	-1	1	0
175	黄金马金	1	8896	0.7	-1	267	534	attach1	267	534	attach1	-1	1	0
176	黄金马蓝	1	8897	0.7	-1	267	534	attach1	267	534	attach1	-1	1	0
177	黄金马紫	1	8898	0.7	-1	267	534	attach1	267	534	attach1	-1	1	0
178	黑白马	1	8907	0.7	-1	267	534	attach1	267	534	attach1	-1	1	0
179	采灵机关鸟	6	8920	0.7	-1	1428	1428	attach1	1428	1428	attach1	-1	1	0
180	玉团团	1	9058	0.7	-1	272	539	attach1	272	539	attach1	-1	1	0
181	北冥玄龙	2	2778	0.7	-1	269	536	attach1	269	536	attach2	-1	-1	0
182	北冥玄龙附件	2	2778	0.7	-1	269	536	attach1	269	536	attach2	-1	-1	0
183	千峰应龙	2	2779	0.7	-1	269	536	attach1	269	536	attach2	-1	-1	0
184	千峰应龙附件	2	2779	0.7	-1	269	536	attach1	269	536	attach2	-1	-1	0
185	扶摇苍龙	2	2780	0.7	-1	269	536	attach1	269	536	attach2	-1	-1	0
186	扶摇苍龙附件	2	2780	0.7	-1	269	536	attach1	269	536	attach2	-1	-1	0
187	猞猁初级	1	4771	0.5	-1	267	534	attach1	267	534	attach1	-1	1	0
188	猞猁中级	1	4772	0.5	-1	267	534	attach1	267	534	attach1	-1	1	0
189	猞猁高级	1	4773	0.5	-1	267	534	attach1	267	534	attach1	-1	1	0
190	墨玉麒麟	1	9158	0.7	-1	267	534	attach1	267	534	attach1	-1	1	0
191	阿拉斯基	1	2819	0.7	-1	269	536	attach1	269	536	attach1	-1	1	0
192	啸月天狼	1	2835	0.7	-1	1456	1456	attach1	1456	1456	attach1	-1	1	0
193	朔影天狼	1	2836	0.7	-1	1456	1456	attach1	1456	1456	attach1	-1	1	0
194	伊丽莎白猫	1	9438	0.7	-1	1485	1484	attach1	1485	1484	attach1	-1	1	0
195	星云龙	1	9514	0.7	-1	267	534	attach1	267	534	attach1	-1	-1	0
196	星云龙02	1	9515	0.7	-1	267	534	attach1	267	534	attach1	-1	-1	0
197	星云龙03	1	9516	0.7	-1	267	534	attach1	267	534	attach1	-1	-1	0
198	星云龙05	1	9517	0.7	-1	267	534	attach1	267	534	attach1	-1	-1	0
199	荆棘龙	1	9513	0.7	-1	267	534	attach1	267	534	attach1	-1	-1	0
200	盛夏好梦	1	9599	0.7	431	292	559	attach1	292	559	attach1	-1	-1	0
201	龙骧	1	2920	0.7	-1	980	979	attach1	980	979	attach1	-1	1	0
203	黑金飞剑	1	2933	0.7	-1	1561	1561	attach1	1561	1561	attach1	-1	-1	4
204	黑金飞剑01	1	2934	0.7	-1	1561	1561	attach1	1561	1561	attach1	-1	-1	4
205	归墟神龙	2	2936	0.7	-1	269	536	attach1	269	536	attach2	-1	-1	0
206	归墟神龙附件	2	2936	0.7	-1	269	536	attach1	269	536	attach2	-1	-1	0
207	玉霄云龙	2	2937	0.7	-1	269	536	attach1	269	536	attach2	-1	-1	0
208	玉霄云龙附件	2	2937	0.7	-1	269	536	attach1	269	536	attach2	-1	-1	0
209	绘影墨龙	2	2938	0.7	-1	269	536	attach1	269	536	attach2	-1	-1	0
210	绘影墨龙附件	2	2938	0.7	-1	269	536	attach1	269	536	attach2	-1	-1	0
211	精卫鸟	1	9753	0.9	-1	267	534	attach1	267	534	attach1	-1	-1	3
