INT	INT	INT	STRING
INDEX	雕纹ID	雕纹评分	雕纹名称
1	30110001	480	饰品力量雕纹1级
2	30110002	550	饰品力量雕纹2级
3	30110003	865	饰品力量雕纹3级
4	30110004	2615	饰品力量雕纹4级
5	30110005	5660	饰品力量雕纹5级
6	30110006	11435	饰品力量雕纹6级
7	30110007	21375	饰品力量雕纹7级
8	30110008	49760	饰品力量雕纹8级
9	30110009	122840	饰品力量雕纹9级
10	30110010	247790	饰品力量雕纹10级
11	30110011	480	饰品灵气雕纹1级
12	30110012	550	饰品灵气雕纹2级
13	30110013	865	饰品灵气雕纹3级
14	30110014	2615	饰品灵气雕纹4级
15	30110015	5660	饰品灵气雕纹5级
16	30110016	11435	饰品灵气雕纹6级
17	30110017	21375	饰品灵气雕纹7级
18	30110018	49760	饰品灵气雕纹8级
19	30110019	122840	饰品灵气雕纹9级
20	30110020	247790	饰品灵气雕纹10级
21	30110021	480	饰品身法雕纹1级
22	30110022	550	饰品身法雕纹2级
23	30110023	865	饰品身法雕纹3级
24	30110024	2615	饰品身法雕纹4级
25	30110025	5660	饰品身法雕纹5级
26	30110026	11435	饰品身法雕纹6级
27	30110027	21375	饰品身法雕纹7级
28	30110028	49760	饰品身法雕纹8级
29	30110029	122840	饰品身法雕纹9级
30	30110030	247790	饰品身法雕纹10级
31	30110031	480	忘无雕纹1级
32	30110032	550	忘无雕纹2级
33	30110033	865	忘无雕纹3级
34	30110034	2615	忘无雕纹4级
35	30110035	5660	忘无雕纹5级
36	30110036	11435	忘无雕纹6级
37	30110037	21375	忘无雕纹7级
38	30110038	49760	忘无雕纹8级
39	30110039	122840	忘无雕纹9级
40	30110040	247790	忘无雕纹10级
41	30110041	480	冥想雕纹1级
42	30110042	550	冥想雕纹2级
43	30110043	865	冥想雕纹3级
44	30110044	2615	冥想雕纹4级
45	30110045	5660	冥想雕纹5级
46	30110046	11435	冥想雕纹6级
47	30110047	21375	冥想雕纹7级
48	30110048	49760	冥想雕纹8级
49	30110049	122840	冥想雕纹9级
50	30110050	247790	冥想雕纹10级
51	30110051	480	御劲雕纹1级
52	30110052	550	御劲雕纹2级
53	30110053	865	御劲雕纹3级
54	30110054	2615	御劲雕纹4级
55	30110055	5660	御劲雕纹5级
56	30110056	11435	御劲雕纹6级
57	30110057	21375	御劲雕纹7级
58	30110058	49760	御劲雕纹8级
59	30110059	122840	御劲雕纹9级
60	30110060	247790	御劲雕纹10级
61	30110061	480	暴怒雕纹1级
62	30110062	550	暴怒雕纹2级
63	30110063	865	暴怒雕纹3级
64	30110064	2615	暴怒雕纹4级
65	30110065	5660	暴怒雕纹5级
66	30110066	11435	暴怒雕纹6级
67	30110067	21375	暴怒雕纹7级
68	30110068	49760	暴怒雕纹8级
69	30110069	122840	暴怒雕纹9级
70	30110070	247790	暴怒雕纹10级
71	30110071	480	鞋子体力雕纹1级
72	30110072	550	鞋子体力雕纹2级
73	30110073	865	鞋子体力雕纹3级
74	30110074	2615	鞋子体力雕纹4级
75	30110075	5660	鞋子体力雕纹5级
76	30110076	11435	鞋子体力雕纹6级
77	30110077	21375	鞋子体力雕纹7级
78	30110078	49760	鞋子体力雕纹8级
79	30110079	122840	鞋子体力雕纹9级
80	30110080	247790	鞋子体力雕纹10级
81	30110081	480	鞋子定力雕纹1级
82	30110082	550	鞋子定力雕纹2级
83	30110083	865	鞋子定力雕纹3级
84	30110084	2615	鞋子定力雕纹4级
85	30110085	5660	鞋子定力雕纹5级
86	30110086	11435	鞋子定力雕纹6级
87	30110087	21375	鞋子定力雕纹7级
88	30110088	49760	鞋子定力雕纹8级
89	30110089	122840	鞋子定力雕纹9级
90	30110090	247790	鞋子定力雕纹10级
91	30110091	480	腰带体力雕纹1级
92	30110092	550	腰带体力雕纹2级
93	30110093	865	腰带体力雕纹3级
94	30110094	2615	腰带体力雕纹4级
95	30110095	5660	腰带体力雕纹5级
96	30110096	11435	腰带体力雕纹6级
97	30110097	21375	腰带体力雕纹7级
98	30110098	49760	腰带体力雕纹8级
99	30110099	122840	腰带体力雕纹9级
100	30110100	247790	腰带体力雕纹10级
101	30110101	480	腰带定力雕纹1级
102	30110102	550	腰带定力雕纹2级
103	30110103	865	腰带定力雕纹3级
104	30110104	2615	腰带定力雕纹4级
105	30110105	5660	腰带定力雕纹5级
106	30110106	11435	腰带定力雕纹6级
107	30110107	21375	腰带定力雕纹7级
108	30110108	49760	腰带定力雕纹8级
109	30110109	122840	腰带定力雕纹9级
110	30110110	247790	腰带定力雕纹10级
111	30110111	480	武器力量雕纹1级
112	30110112	550	武器力量雕纹2级
113	30110113	865	武器力量雕纹3级
114	30110114	2615	武器力量雕纹4级
115	30110115	5660	武器力量雕纹5级
116	30110116	11435	武器力量雕纹6级
117	30110117	21375	武器力量雕纹7级
118	30110118	49760	武器力量雕纹8级
119	30110119	122840	武器力量雕纹9级
120	30110120	247790	武器力量雕纹10级
121	30110121	480	武器灵气雕纹1级
122	30110122	550	武器灵气雕纹2级
123	30110123	865	武器灵气雕纹3级
124	30110124	2615	武器灵气雕纹4级
125	30110125	5660	武器灵气雕纹5级
126	30110126	11435	武器灵气雕纹6级
127	30110127	21375	武器灵气雕纹7级
128	30110128	49760	武器灵气雕纹8级
129	30110129	122840	武器灵气雕纹9级
130	30110130	247790	武器灵气雕纹10级
131	30110131	480	武器冰攻雕纹1级
132	30110132	550	武器冰攻雕纹2级
133	30110133	865	武器冰攻雕纹3级
134	30110134	2615	武器冰攻雕纹4级
135	30110135	5660	武器冰攻雕纹5级
136	30110136	11435	武器冰攻雕纹6级
137	30110137	21375	武器冰攻雕纹7级
138	30110138	49760	武器冰攻雕纹8级
139	30110139	122840	武器冰攻雕纹9级
140	30110140	247790	武器冰攻雕纹10级
141	30110141	480	武器火攻雕纹1级
142	30110142	550	武器火攻雕纹2级
143	30110143	865	武器火攻雕纹3级
144	30110144	2615	武器火攻雕纹4级
145	30110145	5660	武器火攻雕纹5级
146	30110146	11435	武器火攻雕纹6级
147	30110147	21375	武器火攻雕纹7级
148	30110148	49760	武器火攻雕纹8级
149	30110149	122840	武器火攻雕纹9级
150	30110150	247790	武器火攻雕纹10级
151	30110151	480	武器玄攻雕纹1级
152	30110152	550	武器玄攻雕纹2级
153	30110153	865	武器玄攻雕纹3级
154	30110154	2615	武器玄攻雕纹4级
155	30110155	5660	武器玄攻雕纹5级
156	30110156	11435	武器玄攻雕纹6级
157	30110157	21375	武器玄攻雕纹7级
158	30110158	49760	武器玄攻雕纹8级
159	30110159	122840	武器玄攻雕纹9级
160	30110160	247790	武器玄攻雕纹10级
161	30110161	480	武器毒攻雕纹1级
162	30110162	550	武器毒攻雕纹2级
163	30110163	865	武器毒攻雕纹3级
164	30110164	2615	武器毒攻雕纹4级
165	30110165	5660	武器毒攻雕纹5级
166	30110166	11435	武器毒攻雕纹6级
167	30110167	21375	武器毒攻雕纹7级
168	30110168	49760	武器毒攻雕纹8级
169	30110169	122840	武器毒攻雕纹9级
170	30110170	247790	武器毒攻雕纹10级
171	30110171	880	武器减冰抗雕纹1级
172	30110172	1090	武器减冰抗雕纹2级
173	30110173	2035	武器减冰抗雕纹3级
174	30110174	7285	武器减冰抗雕纹4级
175	30110175	16420	武器减冰抗雕纹5级
176	30110176	33745	武器减冰抗雕纹6级
177	30110177	63565	武器减冰抗雕纹7级
178	30110178	148720	武器减冰抗雕纹8级
179	30110179	367960	武器减冰抗雕纹9级
180	30110180	654610	武器减冰抗雕纹10级
181	30110181	880	武器减火抗雕纹1级
182	30110182	1090	武器减火抗雕纹2级
183	30110183	2035	武器减火抗雕纹3级
184	30110184	7285	武器减火抗雕纹4级
185	30110185	16420	武器减火抗雕纹5级
186	30110186	33745	武器减火抗雕纹6级
187	30110187	63565	武器减火抗雕纹7级
188	30110188	148720	武器减火抗雕纹8级
189	30110189	367960	武器减火抗雕纹9级
190	30110190	654610	武器减火抗雕纹10级
191	30110191	880	武器减玄抗雕纹1级
192	30110192	1090	武器减玄抗雕纹2级
193	30110193	2035	武器减玄抗雕纹3级
194	30110194	7285	武器减玄抗雕纹4级
195	30110195	16420	武器减玄抗雕纹5级
196	30110196	33745	武器减玄抗雕纹6级
197	30110197	63565	武器减玄抗雕纹7级
198	30110198	148720	武器减玄抗雕纹8级
199	30110199	367960	武器减玄抗雕纹9级
200	30110200	654610	武器减玄抗雕纹10级
201	30110201	880	武器减毒抗雕纹1级
202	30110202	1090	武器减毒抗雕纹2级
203	30110203	2035	武器减毒抗雕纹3级
204	30110204	7285	武器减毒抗雕纹4级
205	30110205	16420	武器减毒抗雕纹5级
206	30110206	33745	武器减毒抗雕纹6级
207	30110207	63565	武器减毒抗雕纹7级
208	30110208	148720	武器减毒抗雕纹8级
209	30110209	367960	武器减毒抗雕纹9级
210	30110210	654610	武器减毒抗雕纹10级
211	30110211	480	帽子定力雕纹1级
212	30110212	550	帽子定力雕纹2级
213	30110213	865	帽子定力雕纹3级
214	30110214	2615	帽子定力雕纹4级
215	30110215	5660	帽子定力雕纹5级
216	30110216	11435	帽子定力雕纹6级
217	30110217	21375	帽子定力雕纹7级
218	30110218	49760	帽子定力雕纹8级
219	30110219	122840	帽子定力雕纹9级
220	30110220	247790	帽子定力雕纹10级
221	30110221	480	帽子身法雕纹1级
222	30110222	550	帽子身法雕纹2级
223	30110223	865	帽子身法雕纹3级
224	30110224	2615	帽子身法雕纹4级
225	30110225	5660	帽子身法雕纹5级
226	30110226	11435	帽子身法雕纹6级
227	30110227	21375	帽子身法雕纹7级
228	30110228	49760	帽子身法雕纹8级
229	30110229	122840	帽子身法雕纹9级
230	30110230	247790	帽子身法雕纹10级
231	30110231	480	帽子冰抗雕纹1级
232	30110232	550	帽子冰抗雕纹2级
233	30110233	865	帽子冰抗雕纹3级
234	30110234	2615	帽子冰抗雕纹4级
235	30110235	5660	帽子冰抗雕纹5级
236	30110236	11435	帽子冰抗雕纹6级
237	30110237	21375	帽子冰抗雕纹7级
238	30110238	49760	帽子冰抗雕纹8级
239	30110239	122840	帽子冰抗雕纹9级
240	30110240	247790	帽子冰抗雕纹10级
241	30110241	480	帽子火抗雕纹1级
242	30110242	550	帽子火抗雕纹2级
243	30110243	865	帽子火抗雕纹3级
244	30110244	2615	帽子火抗雕纹4级
245	30110245	5660	帽子火抗雕纹5级
246	30110246	11435	帽子火抗雕纹6级
247	30110247	21375	帽子火抗雕纹7级
248	30110248	49760	帽子火抗雕纹8级
249	30110249	122840	帽子火抗雕纹9级
250	30110250	247790	帽子火抗雕纹10级
251	30110251	480	帽子玄抗雕纹1级
252	30110252	550	帽子玄抗雕纹2级
253	30110253	865	帽子玄抗雕纹3级
254	30110254	2615	帽子玄抗雕纹4级
255	30110255	5660	帽子玄抗雕纹5级
256	30110256	11435	帽子玄抗雕纹6级
257	30110257	21375	帽子玄抗雕纹7级
258	30110258	49760	帽子玄抗雕纹8级
259	30110259	122840	帽子玄抗雕纹9级
260	30110260	247790	帽子玄抗雕纹10级
261	30110261	480	帽子毒抗雕纹1级
262	30110262	550	帽子毒抗雕纹2级
263	30110263	865	帽子毒抗雕纹3级
264	30110264	2615	帽子毒抗雕纹4级
265	30110265	5660	帽子毒抗雕纹5级
266	30110266	11435	帽子毒抗雕纹6级
267	30110267	21375	帽子毒抗雕纹7级
268	30110268	49760	帽子毒抗雕纹8级
269	30110269	122840	帽子毒抗雕纹9级
270	30110270	247790	帽子毒抗雕纹10级
271	30110271	480	衣服体力雕纹1级
272	30110272	550	衣服体力雕纹2级
273	30110273	865	衣服体力雕纹3级
274	30110274	2615	衣服体力雕纹4级
275	30110275	5660	衣服体力雕纹5级
276	30110276	11435	衣服体力雕纹6级
277	30110277	21375	衣服体力雕纹7级
278	30110278	49760	衣服体力雕纹8级
279	30110279	122840	衣服体力雕纹9级
280	30110280	247790	衣服体力雕纹10级
281	30110281	480	衣服定力雕纹1级
282	30110282	550	衣服定力雕纹2级
283	30110283	865	衣服定力雕纹3级
284	30110284	2615	衣服定力雕纹4级
285	30110285	5660	衣服定力雕纹5级
286	30110286	11435	衣服定力雕纹6级
287	30110287	21375	衣服定力雕纹7级
288	30110288	49760	衣服定力雕纹8级
289	30110289	122840	衣服定力雕纹9级
290	30110290	247790	衣服定力雕纹10级
291	30110291	480	衣服身法雕纹1级
292	30110292	550	衣服身法雕纹2级
293	30110293	865	衣服身法雕纹3级
294	30110294	2615	衣服身法雕纹4级
295	30110295	5660	衣服身法雕纹5级
296	30110296	11435	衣服身法雕纹6级
297	30110297	21375	衣服身法雕纹7级
298	30110298	49760	衣服身法雕纹8级
299	30110299	122840	衣服身法雕纹9级
300	30110300	247790	衣服身法雕纹10级
301	30110301	480	手套定力雕纹1级
302	30110302	550	手套定力雕纹2级
303	30110303	865	手套定力雕纹3级
304	30110304	2615	手套定力雕纹4级
305	30110305	5660	手套定力雕纹5级
306	30110306	11435	手套定力雕纹6级
307	30110307	21375	手套定力雕纹7级
308	30110308	49760	手套定力雕纹8级
309	30110309	122840	手套定力雕纹9级
310	30110310	247790	手套定力雕纹10级
311	30110311	480	手套身法雕纹1级
312	30110312	550	手套身法雕纹2级
313	30110313	865	手套身法雕纹3级
314	30110314	2615	手套身法雕纹4级
315	30110315	5660	手套身法雕纹5级
316	30110316	11435	手套身法雕纹6级
317	30110317	21375	手套身法雕纹7级
318	30110318	49760	手套身法雕纹8级
319	30110319	122840	手套身法雕纹9级
320	30110320	247790	手套身法雕纹10级
321	30110321	480	护腕力量雕纹1级
322	30110322	550	护腕力量雕纹2级
323	30110323	865	护腕力量雕纹3级
324	30110324	2615	护腕力量雕纹4级
325	30110325	5660	护腕力量雕纹5级
326	30110326	11435	护腕力量雕纹6级
327	30110327	21375	护腕力量雕纹7级
328	30110328	49760	护腕力量雕纹8级
329	30110329	122840	护腕力量雕纹9级
330	30110330	247790	护腕力量雕纹10级
331	30110331	480	护腕灵气雕纹1级
332	30110332	550	护腕灵气雕纹2级
333	30110333	865	护腕灵气雕纹3级
334	30110334	2615	护腕灵气雕纹4级
335	30110335	5660	护腕灵气雕纹5级
336	30110336	11435	护腕灵气雕纹6级
337	30110337	21375	护腕灵气雕纹7级
338	30110338	49760	护腕灵气雕纹8级
339	30110339	122840	护腕灵气雕纹9级
340	30110340	247790	护腕灵气雕纹10级
341	30110341	480	护腕冰攻雕纹1级
342	30110342	550	护腕冰攻雕纹2级
343	30110343	865	护腕冰攻雕纹3级
344	30110344	2615	护腕冰攻雕纹4级
345	30110345	5660	护腕冰攻雕纹5级
346	30110346	11435	护腕冰攻雕纹6级
347	30110347	21375	护腕冰攻雕纹7级
348	30110348	49760	护腕冰攻雕纹8级
349	30110349	122840	护腕冰攻雕纹9级
350	30110350	247790	护腕冰攻雕纹10级
351	30110351	480	护腕火攻雕纹1级
352	30110352	550	护腕火攻雕纹2级
353	30110353	865	护腕火攻雕纹3级
354	30110354	2615	护腕火攻雕纹4级
355	30110355	5660	护腕火攻雕纹5级
356	30110356	11435	护腕火攻雕纹6级
357	30110357	21375	护腕火攻雕纹7级
358	30110358	49760	护腕火攻雕纹8级
359	30110359	122840	护腕火攻雕纹9级
360	30110360	247790	护腕火攻雕纹10级
361	30110361	480	护腕玄攻雕纹1级
362	30110362	550	护腕玄攻雕纹2级
363	30110363	865	护腕玄攻雕纹3级
364	30110364	2615	护腕玄攻雕纹4级
365	30110365	5660	护腕玄攻雕纹5级
366	30110366	11435	护腕玄攻雕纹6级
367	30110367	21375	护腕玄攻雕纹7级
368	30110368	49760	护腕玄攻雕纹8级
369	30110369	122840	护腕玄攻雕纹9级
370	30110370	247790	护腕玄攻雕纹10级
371	30110371	480	护腕毒攻雕纹1级
372	30110372	550	护腕毒攻雕纹2级
373	30110373	865	护腕毒攻雕纹3级
374	30110374	2615	护腕毒攻雕纹4级
375	30110375	5660	护腕毒攻雕纹5级
376	30110376	11435	护腕毒攻雕纹6级
377	30110377	21375	护腕毒攻雕纹7级
378	30110378	49760	护腕毒攻雕纹8级
379	30110379	122840	护腕毒攻雕纹9级
380	30110380	247790	护腕毒攻雕纹10级
381	30110381	480	护肩定力雕纹1级
382	30110382	550	护肩定力雕纹2级
383	30110383	865	护肩定力雕纹3级
384	30110384	2615	护肩定力雕纹4级
385	30110385	5660	护肩定力雕纹5级
386	30110386	11435	护肩定力雕纹6级
387	30110387	21375	护肩定力雕纹7级
388	30110388	49760	护肩定力雕纹8级
389	30110389	122840	护肩定力雕纹9级
390	30110390	247790	护肩定力雕纹10级
391	30110391	480	护肩身法雕纹1级
392	30110392	550	护肩身法雕纹2级
393	30110393	865	护肩身法雕纹3级
394	30110394	2615	护肩身法雕纹4级
395	30110395	5660	护肩身法雕纹5级
396	30110396	11435	护肩身法雕纹6级
397	30110397	21375	护肩身法雕纹7级
398	30110398	49760	护肩身法雕纹8级
399	30110399	122840	护肩身法雕纹9级
400	30110400	247790	护肩身法雕纹10级
401	30110401	480	手套体力雕纹1级
402	30110402	550	手套体力雕纹2级
403	30110403	865	手套体力雕纹3级
404	30110404	2615	手套体力雕纹4级
405	30110405	5660	手套体力雕纹5级
406	30110406	11435	手套体力雕纹6级
407	30110407	21375	手套体力雕纹7级
408	30110408	49760	手套体力雕纹8级
409	30110409	122840	手套体力雕纹9级
410	30110410	247790	手套体力雕纹10级
411	30110411	480	护肩体力雕纹1级
412	30110412	550	护肩体力雕纹2级
413	30110413	865	护肩体力雕纹3级
414	30110414	2615	护肩体力雕纹4级
415	30110415	5660	护肩体力雕纹5级
416	30110416	11435	护肩体力雕纹6级
417	30110417	21375	护肩体力雕纹7级
418	30110418	49760	护肩体力雕纹8级
419	30110419	122840	护肩体力雕纹9级
420	30110420	247790	护肩体力雕纹10级
421	30110421	480	暗器力量雕纹1级
422	30110422	550	暗器力量雕纹2级
423	30110423	865	暗器力量雕纹3级
424	30110424	2615	暗器力量雕纹4级
425	30110425	5660	暗器力量雕纹5级
426	30110426	11435	暗器力量雕纹6级
427	30110427	21375	暗器力量雕纹7级
428	30110428	49760	暗器力量雕纹8级
429	30110429	122840	暗器力量雕纹9级
430	30110430	247790	暗器力量雕纹10级
431	30110431	480	暗器灵气雕纹1级
432	30110432	550	暗器灵气雕纹2级
433	30110433	865	暗器灵气雕纹3级
434	30110434	2615	暗器灵气雕纹4级
435	30110435	5660	暗器灵气雕纹5级
436	30110436	11435	暗器灵气雕纹6级
437	30110437	21375	暗器灵气雕纹7级
438	30110438	49760	暗器灵气雕纹8级
439	30110439	122840	暗器灵气雕纹9级
440	30110440	247790	暗器灵气雕纹10级
441	30110441	480	暗器体力雕纹1级
442	30110442	550	暗器体力雕纹2级
443	30110443	865	暗器体力雕纹3级
444	30110444	2615	暗器体力雕纹4级
445	30110445	5660	暗器体力雕纹5级
446	30110446	11435	暗器体力雕纹6级
447	30110447	21375	暗器体力雕纹7级
448	30110448	49760	暗器体力雕纹8级
449	30110449	122840	暗器体力雕纹9级
450	30110450	247790	暗器体力雕纹10级
451	30110451	480	暗器定力雕纹1级
452	30110452	550	暗器定力雕纹2级
453	30110453	865	暗器定力雕纹3级
454	30110454	2615	暗器定力雕纹4级
455	30110455	5660	暗器定力雕纹5级
456	30110456	11435	暗器定力雕纹6级
457	30110457	21375	暗器定力雕纹7级
458	30110458	49760	暗器定力雕纹8级
459	30110459	122840	暗器定力雕纹9级
460	30110460	247790	暗器定力雕纹10级
461	30110461	480	暗器身法雕纹1级
462	30110462	550	暗器身法雕纹2级
463	30110463	865	暗器身法雕纹3级
464	30110464	2615	暗器身法雕纹4级
465	30110465	5660	暗器身法雕纹5级
466	30110466	11435	暗器身法雕纹6级
467	30110467	21375	暗器身法雕纹7级
468	30110468	49760	暗器身法雕纹8级
469	30110469	122840	暗器身法雕纹9级
470	30110470	247790	暗器身法雕纹10级
471	30110471	480	武魂力量雕纹1级
472	30110472	550	武魂力量雕纹2级
473	30110473	865	武魂力量雕纹3级
474	30110474	2615	武魂力量雕纹4级
475	30110475	5660	武魂力量雕纹5级
476	30110476	11435	武魂力量雕纹6级
477	30110477	21375	武魂力量雕纹7级
478	30110478	49760	武魂力量雕纹8级
479	30110479	122840	武魂力量雕纹9级
480	30110480	247790	武魂力量雕纹10级
481	30110481	480	武魂灵气雕纹1级
482	30110482	550	武魂灵气雕纹2级
483	30110483	865	武魂灵气雕纹3级
484	30110484	2615	武魂灵气雕纹4级
485	30110485	5660	武魂灵气雕纹5级
486	30110486	11435	武魂灵气雕纹6级
487	30110487	21375	武魂灵气雕纹7级
488	30110488	49760	武魂灵气雕纹8级
489	30110489	122840	武魂灵气雕纹9级
490	30110490	247790	武魂灵气雕纹10级
491	30110491	480	武魂体力雕纹1级
492	30110492	550	武魂体力雕纹2级
493	30110493	865	武魂体力雕纹3级
494	30110494	2615	武魂体力雕纹4级
495	30110495	5660	武魂体力雕纹5级
496	30110496	11435	武魂体力雕纹6级
497	30110497	21375	武魂体力雕纹7级
498	30110498	49760	武魂体力雕纹8级
499	30110499	122840	武魂体力雕纹9级
500	30110500	247790	武魂体力雕纹10级
501	30110501	480	武魂定力雕纹1级
502	30110502	550	武魂定力雕纹2级
503	30110503	865	武魂定力雕纹3级
504	30110504	2615	武魂定力雕纹4级
505	30110505	5660	武魂定力雕纹5级
506	30110506	11435	武魂定力雕纹6级
507	30110507	21375	武魂定力雕纹7级
508	30110508	49760	武魂定力雕纹8级
509	30110509	122840	武魂定力雕纹9级
510	30110510	247790	武魂定力雕纹10级
511	30110511	480	武魂身法雕纹1级
512	30110512	550	武魂身法雕纹2级
513	30110513	865	武魂身法雕纹3级
514	30110514	2615	武魂身法雕纹4级
515	30110515	5660	武魂身法雕纹5级
516	30110516	11435	武魂身法雕纹6级
517	30110517	21375	武魂身法雕纹7级
518	30110518	49760	武魂身法雕纹8级
519	30110519	122840	武魂身法雕纹9级
520	30110520	247790	武魂身法雕纹10级
521	30110521	480	武魂冰攻雕纹1级
522	30110522	550	武魂冰攻雕纹2级
523	30110523	865	武魂冰攻雕纹3级
524	30110524	2615	武魂冰攻雕纹4级
525	30110525	5660	武魂冰攻雕纹5级
526	30110526	11435	武魂冰攻雕纹6级
527	30110527	21375	武魂冰攻雕纹7级
528	30110528	49760	武魂冰攻雕纹8级
529	30110529	122840	武魂冰攻雕纹9级
530	30110530	247790	武魂冰攻雕纹10级
531	30110531	480	武魂火攻雕纹1级
532	30110532	550	武魂火攻雕纹2级
533	30110533	865	武魂火攻雕纹3级
534	30110534	2615	武魂火攻雕纹4级
535	30110535	5660	武魂火攻雕纹5级
536	30110536	11435	武魂火攻雕纹6级
537	30110537	21375	武魂火攻雕纹7级
538	30110538	49760	武魂火攻雕纹8级
539	30110539	122840	武魂火攻雕纹9级
540	30110540	247790	武魂火攻雕纹10级
541	30110541	480	武魂玄攻雕纹1级
542	30110542	550	武魂玄攻雕纹2级
543	30110543	865	武魂玄攻雕纹3级
544	30110544	2615	武魂玄攻雕纹4级
545	30110545	5660	武魂玄攻雕纹5级
546	30110546	11435	武魂玄攻雕纹6级
547	30110547	21375	武魂玄攻雕纹7级
548	30110548	49760	武魂玄攻雕纹8级
549	30110549	122840	武魂玄攻雕纹9级
550	30110550	247790	武魂玄攻雕纹10级
551	30110551	480	武魂毒攻雕纹1级
552	30110552	550	武魂毒攻雕纹2级
553	30110553	865	武魂毒攻雕纹3级
554	30110554	2615	武魂毒攻雕纹4级
555	30110555	5660	武魂毒攻雕纹5级
556	30110556	11435	武魂毒攻雕纹6级
557	30110557	21375	武魂毒攻雕纹7级
558	30110558	49760	武魂毒攻雕纹8级
559	30110559	122840	武魂毒攻雕纹9级
560	30110560	247790	武魂毒攻雕纹10级
561	30110561	480	龙纹力量雕纹1级
562	30110562	550	龙纹力量雕纹2级
563	30110563	865	龙纹力量雕纹3级
564	30110564	2615	龙纹力量雕纹4级
565	30110565	5660	龙纹力量雕纹5级
566	30110566	11435	龙纹力量雕纹6级
567	30110567	21375	龙纹力量雕纹7级
568	30110568	49760	龙纹力量雕纹8级
569	30110569	122840	龙纹力量雕纹9级
570	30110570	247790	龙纹力量雕纹10级
571	30110571	480	龙纹灵气雕纹1级
572	30110572	550	龙纹灵气雕纹2级
573	30110573	865	龙纹灵气雕纹3级
574	30110574	2615	龙纹灵气雕纹4级
575	30110575	5660	龙纹灵气雕纹5级
576	30110576	11435	龙纹灵气雕纹6级
577	30110577	21375	龙纹灵气雕纹7级
578	30110578	49760	龙纹灵气雕纹8级
579	30110579	122840	龙纹灵气雕纹9级
580	30110580	247790	龙纹灵气雕纹10级
581	30110581	480	龙纹体力雕纹1级
582	30110582	550	龙纹体力雕纹2级
583	30110583	865	龙纹体力雕纹3级
584	30110584	2615	龙纹体力雕纹4级
585	30110585	5660	龙纹体力雕纹5级
586	30110586	11435	龙纹体力雕纹6级
587	30110587	21375	龙纹体力雕纹7级
588	30110588	49760	龙纹体力雕纹8级
589	30110589	122840	龙纹体力雕纹9级
590	30110590	247790	龙纹体力雕纹10级
591	30110591	480	龙纹定力雕纹1级
592	30110592	550	龙纹定力雕纹2级
593	30110593	865	龙纹定力雕纹3级
594	30110594	2615	龙纹定力雕纹4级
595	30110595	5660	龙纹定力雕纹5级
596	30110596	11435	龙纹定力雕纹6级
597	30110597	21375	龙纹定力雕纹7级
598	30110598	49760	龙纹定力雕纹8级
599	30110599	122840	龙纹定力雕纹9级
600	30110600	247790	龙纹定力雕纹10级
601	30110601	480	龙纹身法雕纹1级
602	30110602	550	龙纹身法雕纹2级
603	30110603	865	龙纹身法雕纹3级
604	30110604	2615	龙纹身法雕纹4级
605	30110605	5660	龙纹身法雕纹5级
606	30110606	11435	龙纹身法雕纹6级
607	30110607	21375	龙纹身法雕纹7级
608	30110608	49760	龙纹身法雕纹8级
609	30110609	122840	龙纹身法雕纹9级
610	30110610	247790	龙纹身法雕纹10级
611	30110611	480	龙纹冰攻雕纹1级
612	30110612	550	龙纹冰攻雕纹2级
613	30110613	865	龙纹冰攻雕纹3级
614	30110614	2615	龙纹冰攻雕纹4级
615	30110615	5660	龙纹冰攻雕纹5级
616	30110616	11435	龙纹冰攻雕纹6级
617	30110617	21375	龙纹冰攻雕纹7级
618	30110618	49760	龙纹冰攻雕纹8级
619	30110619	122840	龙纹冰攻雕纹9级
620	30110620	247790	龙纹冰攻雕纹10级
621	30110621	480	龙纹火攻雕纹1级
622	30110622	550	龙纹火攻雕纹2级
623	30110623	865	龙纹火攻雕纹3级
624	30110624	2615	龙纹火攻雕纹4级
625	30110625	5660	龙纹火攻雕纹5级
626	30110626	11435	龙纹火攻雕纹6级
627	30110627	21375	龙纹火攻雕纹7级
628	30110628	49760	龙纹火攻雕纹8级
629	30110629	122840	龙纹火攻雕纹9级
630	30110630	247790	龙纹火攻雕纹10级
631	30110631	480	龙纹玄攻雕纹1级
632	30110632	550	龙纹玄攻雕纹2级
633	30110633	865	龙纹玄攻雕纹3级
634	30110634	2615	龙纹玄攻雕纹4级
635	30110635	5660	龙纹玄攻雕纹5级
636	30110636	11435	龙纹玄攻雕纹6级
637	30110637	21375	龙纹玄攻雕纹7级
638	30110638	49760	龙纹玄攻雕纹8级
639	30110639	122840	龙纹玄攻雕纹9级
640	30110640	247790	龙纹玄攻雕纹10级
641	30110641	480	龙纹毒攻雕纹1级
642	30110642	550	龙纹毒攻雕纹2级
643	30110643	865	龙纹毒攻雕纹3级
644	30110644	2615	龙纹毒攻雕纹4级
645	30110645	5660	龙纹毒攻雕纹5级
646	30110646	11435	龙纹毒攻雕纹6级
647	30110647	21375	龙纹毒攻雕纹7级
648	30110648	49760	龙纹毒攻雕纹8级
649	30110649	122840	龙纹毒攻雕纹9级
650	30110650	247790	龙纹毒攻雕纹10级
651	30110651	480	暗器冰攻雕纹1级
652	30110652	550	暗器冰攻雕纹2级
653	30110653	865	暗器冰攻雕纹3级
654	30110654	2615	暗器冰攻雕纹4级
655	30110655	5660	暗器冰攻雕纹5级
656	30110656	11435	暗器冰攻雕纹6级
657	30110657	21375	暗器冰攻雕纹7级
658	30110658	49760	暗器冰攻雕纹8级
659	30110659	122840	暗器冰攻雕纹9级
660	30110660	247790	暗器冰攻雕纹10级
661	30110661	480	暗器火攻雕纹1级
662	30110662	550	暗器火攻雕纹2级
663	30110663	865	暗器火攻雕纹3级
664	30110664	2615	暗器火攻雕纹4级
665	30110665	5660	暗器火攻雕纹5级
666	30110666	11435	暗器火攻雕纹6级
667	30110667	21375	暗器火攻雕纹7级
668	30110668	49760	暗器火攻雕纹8级
669	30110669	122840	暗器火攻雕纹9级
670	30110670	247790	暗器火攻雕纹10级
671	30110671	480	暗器玄攻雕纹1级
672	30110672	550	暗器玄攻雕纹2级
673	30110673	865	暗器玄攻雕纹3级
674	30110674	2615	暗器玄攻雕纹4级
675	30110675	5660	暗器玄攻雕纹5级
676	30110676	11435	暗器玄攻雕纹6级
677	30110677	21375	暗器玄攻雕纹7级
678	30110678	49760	暗器玄攻雕纹8级
679	30110679	122840	暗器玄攻雕纹9级
680	30110680	247790	暗器玄攻雕纹10级
681	30110681	480	暗器毒攻雕纹1级
682	30110682	550	暗器毒攻雕纹2级
683	30110683	865	暗器毒攻雕纹3级
684	30110684	2615	暗器毒攻雕纹4级
685	30110685	5660	暗器毒攻雕纹5级
686	30110686	11435	暗器毒攻雕纹6级
687	30110687	21375	暗器毒攻雕纹7级
688	30110688	49760	暗器毒攻雕纹8级
689	30110689	122840	暗器毒攻雕纹9级
690	30110690	247790	暗器毒攻雕纹10级
691	30110691	480	暗器冰抗雕纹1级
692	30110692	550	暗器冰抗雕纹2级
693	30110693	865	暗器冰抗雕纹3级
694	30110694	2615	暗器冰抗雕纹4级
695	30110695	5660	暗器冰抗雕纹5级
696	30110696	11435	暗器冰抗雕纹6级
697	30110697	21375	暗器冰抗雕纹7级
698	30110698	49760	暗器冰抗雕纹8级
699	30110699	122840	暗器冰抗雕纹9级
700	30110700	247790	暗器冰抗雕纹10级
701	30110701	480	暗器火抗雕纹1级
702	30110702	550	暗器火抗雕纹2级
703	30110703	865	暗器火抗雕纹3级
704	30110704	2615	暗器火抗雕纹4级
705	30110705	5660	暗器火抗雕纹5级
706	30110706	11435	暗器火抗雕纹6级
707	30110707	21375	暗器火抗雕纹7级
708	30110708	49760	暗器火抗雕纹8级
709	30110709	122840	暗器火抗雕纹9级
710	30110710	247790	暗器火抗雕纹10级
711	30110711	480	暗器玄抗雕纹1级
712	30110712	550	暗器玄抗雕纹2级
713	30110713	865	暗器玄抗雕纹3级
714	30110714	2615	暗器玄抗雕纹4级
715	30110715	5660	暗器玄抗雕纹5级
716	30110716	11435	暗器玄抗雕纹6级
717	30110717	21375	暗器玄抗雕纹7级
718	30110718	49760	暗器玄抗雕纹8级
719	30110719	122840	暗器玄抗雕纹9级
720	30110720	247790	暗器玄抗雕纹10级
721	30110721	480	暗器毒抗雕纹1级
722	30110722	550	暗器毒抗雕纹2级
723	30110723	865	暗器毒抗雕纹3级
724	30110724	2615	暗器毒抗雕纹4级
725	30110725	5660	暗器毒抗雕纹5级
726	30110726	11435	暗器毒抗雕纹6级
727	30110727	21375	暗器毒抗雕纹7级
728	30110728	49760	暗器毒抗雕纹8级
729	30110729	122840	暗器毒抗雕纹9级
730	30110730	247790	暗器毒抗雕纹10级
731	30110731	480	武魂冰抗雕纹1级
732	30110732	550	武魂冰抗雕纹2级
733	30110733	865	武魂冰抗雕纹3级
734	30110734	2615	武魂冰抗雕纹4级
735	30110735	5660	武魂冰抗雕纹5级
736	30110736	11435	武魂冰抗雕纹6级
737	30110737	21375	武魂冰抗雕纹7级
738	30110738	49760	武魂冰抗雕纹8级
739	30110739	122840	武魂冰抗雕纹9级
740	30110740	247790	武魂冰抗雕纹10级
741	30110741	480	武魂火抗雕纹1级
742	30110742	550	武魂火抗雕纹2级
743	30110743	865	武魂火抗雕纹3级
744	30110744	2615	武魂火抗雕纹4级
745	30110745	5660	武魂火抗雕纹5级
746	30110746	11435	武魂火抗雕纹6级
747	30110747	21375	武魂火抗雕纹7级
748	30110748	49760	武魂火抗雕纹8级
749	30110749	122840	武魂火抗雕纹9级
750	30110750	247790	武魂火抗雕纹10级
751	30110751	480	武魂玄抗雕纹1级
752	30110752	550	武魂玄抗雕纹2级
753	30110753	865	武魂玄抗雕纹3级
754	30110754	2615	武魂玄抗雕纹4级
755	30110755	5660	武魂玄抗雕纹5级
756	30110756	11435	武魂玄抗雕纹6级
757	30110757	21375	武魂玄抗雕纹7级
758	30110758	49760	武魂玄抗雕纹8级
759	30110759	122840	武魂玄抗雕纹9级
760	30110760	247790	武魂玄抗雕纹10级
761	30110761	480	武魂毒抗雕纹1级
762	30110762	550	武魂毒抗雕纹2级
763	30110763	865	武魂毒抗雕纹3级
764	30110764	2615	武魂毒抗雕纹4级
765	30110765	5660	武魂毒抗雕纹5级
766	30110766	11435	武魂毒抗雕纹6级
767	30110767	21375	武魂毒抗雕纹7级
768	30110768	49760	武魂毒抗雕纹8级
769	30110769	122840	武魂毒抗雕纹9级
770	30110770	247790	武魂毒抗雕纹10级
771	30110771	480	龙纹冰抗雕纹1级
772	30110772	550	龙纹冰抗雕纹2级
773	30110773	865	龙纹冰抗雕纹3级
774	30110774	2615	龙纹冰抗雕纹4级
775	30110775	5660	龙纹冰抗雕纹5级
776	30110776	11435	龙纹冰抗雕纹6级
777	30110777	21375	龙纹冰抗雕纹7级
778	30110778	49760	龙纹冰抗雕纹8级
779	30110779	122840	龙纹冰抗雕纹9级
780	30110780	247790	龙纹冰抗雕纹10级
781	30110781	480	龙纹火抗雕纹1级
782	30110782	550	龙纹火抗雕纹2级
783	30110783	865	龙纹火抗雕纹3级
784	30110784	2615	龙纹火抗雕纹4级
785	30110785	5660	龙纹火抗雕纹5级
786	30110786	11435	龙纹火抗雕纹6级
787	30110787	21375	龙纹火抗雕纹7级
788	30110788	49760	龙纹火抗雕纹8级
789	30110789	122840	龙纹火抗雕纹9级
790	30110790	247790	龙纹火抗雕纹10级
791	30110791	480	龙纹玄抗雕纹1级
792	30110792	550	龙纹玄抗雕纹2级
793	30110793	865	龙纹玄抗雕纹3级
794	30110794	2615	龙纹玄抗雕纹4级
795	30110795	5660	龙纹玄抗雕纹5级
796	30110796	11435	龙纹玄抗雕纹6级
797	30110797	21375	龙纹玄抗雕纹7级
798	30110798	49760	龙纹玄抗雕纹8级
799	30110799	122840	龙纹玄抗雕纹9级
800	30110800	247790	龙纹玄抗雕纹10级
801	30110801	480	龙纹毒抗雕纹1级
802	30110802	550	龙纹毒抗雕纹2级
803	30110803	865	龙纹毒抗雕纹3级
804	30110804	2615	龙纹毒抗雕纹4级
805	30110805	5660	龙纹毒抗雕纹5级
806	30110806	11435	龙纹毒抗雕纹6级
807	30110807	21375	龙纹毒抗雕纹7级
808	30110808	49760	龙纹毒抗雕纹8级
809	30110809	122840	龙纹毒抗雕纹9级
810	30110810	247790	龙纹毒抗雕纹10级
811	30110811	880	暗器减冰抗雕纹1级
812	30110812	1090	暗器减冰抗雕纹2级
813	30110813	2035	暗器减冰抗雕纹3级
814	30110814	7285	暗器减冰抗雕纹4级
815	30110815	16420	暗器减冰抗雕纹5级
816	30110816	33745	暗器减冰抗雕纹6级
817	30110817	63565	暗器减冰抗雕纹7级
818	30110818	148720	暗器减冰抗雕纹8级
819	30110819	367960	暗器减冰抗雕纹9级
820	30110820	654610	暗器减冰抗雕纹10级
821	30110821	880	暗器减火抗雕纹1级
822	30110822	1090	暗器减火抗雕纹2级
823	30110823	2035	暗器减火抗雕纹3级
824	30110824	7285	暗器减火抗雕纹4级
825	30110825	16420	暗器减火抗雕纹5级
826	30110826	33745	暗器减火抗雕纹6级
827	30110827	63565	暗器减火抗雕纹7级
828	30110828	148720	暗器减火抗雕纹8级
829	30110829	367960	暗器减火抗雕纹9级
830	30110830	654610	暗器减火抗雕纹10级
831	30110831	880	暗器减玄抗雕纹1级
832	30110832	1090	暗器减玄抗雕纹2级
833	30110833	2035	暗器减玄抗雕纹3级
834	30110834	7285	暗器减玄抗雕纹4级
835	30110835	16420	暗器减玄抗雕纹5级
836	30110836	33745	暗器减玄抗雕纹6级
837	30110837	63565	暗器减玄抗雕纹7级
838	30110838	148720	暗器减玄抗雕纹8级
839	30110839	367960	暗器减玄抗雕纹9级
840	30110840	654610	暗器减玄抗雕纹10级
841	30110841	880	暗器减毒抗雕纹1级
842	30110842	1090	暗器减毒抗雕纹2级
843	30110843	2035	暗器减毒抗雕纹3级
844	30110844	7285	暗器减毒抗雕纹4级
845	30110845	16420	暗器减毒抗雕纹5级
846	30110846	33745	暗器减毒抗雕纹6级
847	30110847	63565	暗器减毒抗雕纹7级
848	30110848	148720	暗器减毒抗雕纹8级
849	30110849	367960	暗器减毒抗雕纹9级
850	30110850	654610	暗器减毒抗雕纹10级
851	30110851	880	武魂减冰抗雕纹1级
852	30110852	1090	武魂减冰抗雕纹2级
853	30110853	2035	武魂减冰抗雕纹3级
854	30110854	7285	武魂减冰抗雕纹4级
855	30110855	16420	武魂减冰抗雕纹5级
856	30110856	33745	武魂减冰抗雕纹6级
857	30110857	63565	武魂减冰抗雕纹7级
858	30110858	148720	武魂减冰抗雕纹8级
859	30110859	367960	武魂减冰抗雕纹9级
860	30110860	654610	武魂减冰抗雕纹10级
861	30110861	880	武魂减火抗雕纹1级
862	30110862	1090	武魂减火抗雕纹2级
863	30110863	2035	武魂减火抗雕纹3级
864	30110864	7285	武魂减火抗雕纹4级
865	30110865	16420	武魂减火抗雕纹5级
866	30110866	33745	武魂减火抗雕纹6级
867	30110867	63565	武魂减火抗雕纹7级
868	30110868	148720	武魂减火抗雕纹8级
869	30110869	367960	武魂减火抗雕纹9级
870	30110870	654610	武魂减火抗雕纹10级
871	30110871	880	武魂减玄抗雕纹1级
872	30110872	1090	武魂减玄抗雕纹2级
873	30110873	2035	武魂减玄抗雕纹3级
874	30110874	7285	武魂减玄抗雕纹4级
875	30110875	16420	武魂减玄抗雕纹5级
876	30110876	33745	武魂减玄抗雕纹6级
877	30110877	63565	武魂减玄抗雕纹7级
878	30110878	148720	武魂减玄抗雕纹8级
879	30110879	367960	武魂减玄抗雕纹9级
880	30110880	654610	武魂减玄抗雕纹10级
881	30110881	880	武魂减毒抗雕纹1级
882	30110882	1090	武魂减毒抗雕纹2级
883	30110883	2035	武魂减毒抗雕纹3级
884	30110884	7285	武魂减毒抗雕纹4级
885	30110885	16420	武魂减毒抗雕纹5级
886	30110886	33745	武魂减毒抗雕纹6级
887	30110887	63565	武魂减毒抗雕纹7级
888	30110888	148720	武魂减毒抗雕纹8级
889	30110889	367960	武魂减毒抗雕纹9级
890	30110890	654610	武魂减毒抗雕纹10级
891	30110891	880	龙纹减冰抗雕纹1级
892	30110892	1090	龙纹减冰抗雕纹2级
893	30110893	2035	龙纹减冰抗雕纹3级
894	30110894	7285	龙纹减冰抗雕纹4级
895	30110895	16420	龙纹减冰抗雕纹5级
896	30110896	33745	龙纹减冰抗雕纹6级
897	30110897	63565	龙纹减冰抗雕纹7级
898	30110898	148720	龙纹减冰抗雕纹8级
899	30110899	367960	龙纹减冰抗雕纹9级
900	30110900	654610	龙纹减冰抗雕纹10级
901	30110901	880	龙纹减火抗雕纹1级
902	30110902	1090	龙纹减火抗雕纹2级
903	30110903	2035	龙纹减火抗雕纹3级
904	30110904	7285	龙纹减火抗雕纹4级
905	30110905	16420	龙纹减火抗雕纹5级
906	30110906	33745	龙纹减火抗雕纹6级
907	30110907	63565	龙纹减火抗雕纹7级
908	30110908	148720	龙纹减火抗雕纹8级
909	30110909	367960	龙纹减火抗雕纹9级
910	30110910	654610	龙纹减火抗雕纹10级
911	30110911	880	龙纹减玄抗雕纹1级
912	30110912	1090	龙纹减玄抗雕纹2级
913	30110913	2035	龙纹减玄抗雕纹3级
914	30110914	7285	龙纹减玄抗雕纹4级
915	30110915	16420	龙纹减玄抗雕纹5级
916	30110916	33745	龙纹减玄抗雕纹6级
917	30110917	63565	龙纹减玄抗雕纹7级
918	30110918	148720	龙纹减玄抗雕纹8级
919	30110919	367960	龙纹减玄抗雕纹9级
920	30110920	654610	龙纹减玄抗雕纹10级
921	30110921	880	龙纹减毒抗雕纹1级
922	30110922	1090	龙纹减毒抗雕纹2级
923	30110923	2035	龙纹减毒抗雕纹3级
924	30110924	7285	龙纹减毒抗雕纹4级
925	30110925	16420	龙纹减毒抗雕纹5级
926	30110926	33745	龙纹减毒抗雕纹6级
927	30110927	63565	龙纹减毒抗雕纹7级
928	30110928	148720	龙纹减毒抗雕纹8级
929	30110929	367960	龙纹减毒抗雕纹9级
930	30110930	654610	龙纹减毒抗雕纹10级
931	30110931	480	饰品体力雕纹1级
932	30110932	550	饰品体力雕纹2级
933	30110933	865	饰品体力雕纹3级
934	30110934	2615	饰品体力雕纹4级
935	30110935	5660	饰品体力雕纹5级
936	30110936	11435	饰品体力雕纹6级
937	30110937	21375	饰品体力雕纹7级
938	30110938	49760	饰品体力雕纹8级
939	30110939	122840	饰品体力雕纹9级
940	30110940	247790	饰品体力雕纹10级
941	30110941	480	令牌力量雕纹1级
942	30110942	550	令牌力量雕纹2级
943	30110943	865	令牌力量雕纹3级
944	30110944	2615	令牌力量雕纹4级
945	30110945	5660	令牌力量雕纹5级
946	30110946	11435	令牌力量雕纹6级
947	30110947	21375	令牌力量雕纹7级
948	30110948	49760	令牌力量雕纹8级
949	30110949	122840	令牌力量雕纹9级
950	30110950	247790	令牌力量雕纹10级
951	30110951	480	令牌灵气雕纹1级
952	30110952	550	令牌灵气雕纹2级
953	30110953	865	令牌灵气雕纹3级
954	30110954	2615	令牌灵气雕纹4级
955	30110955	5660	令牌灵气雕纹5级
956	30110956	11435	令牌灵气雕纹6级
957	30110957	21375	令牌灵气雕纹7级
958	30110958	49760	令牌灵气雕纹8级
959	30110959	122840	令牌灵气雕纹9级
960	30110960	247790	令牌灵气雕纹10级
961	30110961	480	令牌体力雕纹1级
962	30110962	550	令牌体力雕纹2级
963	30110963	865	令牌体力雕纹3级
964	30110964	2615	令牌体力雕纹4级
965	30110965	5660	令牌体力雕纹5级
966	30110966	11435	令牌体力雕纹6级
967	30110967	21375	令牌体力雕纹7级
968	30110968	49760	令牌体力雕纹8级
969	30110969	122840	令牌体力雕纹9级
970	30110970	247790	令牌体力雕纹10级
971	30110971	480	令牌定力雕纹1级
972	30110972	550	令牌定力雕纹2级
973	30110973	865	令牌定力雕纹3级
974	30110974	2615	令牌定力雕纹4级
975	30110975	5660	令牌定力雕纹5级
976	30110976	11435	令牌定力雕纹6级
977	30110977	21375	令牌定力雕纹7级
978	30110978	49760	令牌定力雕纹8级
979	30110979	122840	令牌定力雕纹9级
980	30110980	247790	令牌定力雕纹10级
981	30110981	480	令牌身法雕纹1级
982	30110982	550	令牌身法雕纹2级
983	30110983	865	令牌身法雕纹3级
984	30110984	2615	令牌身法雕纹4级
985	30110985	5660	令牌身法雕纹5级
986	30110986	11435	令牌身法雕纹6级
987	30110987	21375	令牌身法雕纹7级
988	30110988	49760	令牌身法雕纹8级
989	30110989	122840	令牌身法雕纹9级
990	30110990	247790	令牌身法雕纹10级
991	30110991	480	令牌冰攻雕纹1级
992	30110992	550	令牌冰攻雕纹2级
993	30110993	865	令牌冰攻雕纹3级
994	30110994	2615	令牌冰攻雕纹4级
995	30110995	5660	令牌冰攻雕纹5级
996	30110996	11435	令牌冰攻雕纹6级
997	30110997	21375	令牌冰攻雕纹7级
998	30110998	49760	令牌冰攻雕纹8级
999	30110999	122840	令牌冰攻雕纹9级
1000	30111000	247790	令牌冰攻雕纹10级
1001	30111001	480	令牌火攻雕纹1级
1002	30111002	550	令牌火攻雕纹2级
1003	30111003	865	令牌火攻雕纹3级
1004	30111004	2615	令牌火攻雕纹4级
1005	30111005	5660	令牌火攻雕纹5级
1006	30111006	11435	令牌火攻雕纹6级
1007	30111007	21375	令牌火攻雕纹7级
1008	30111008	49760	令牌火攻雕纹8级
1009	30111009	122840	令牌火攻雕纹9级
1010	30111010	247790	令牌火攻雕纹10级
1011	30111011	480	令牌玄攻雕纹1级
1012	30111012	550	令牌玄攻雕纹2级
1013	30111013	865	令牌玄攻雕纹3级
1014	30111014	2615	令牌玄攻雕纹4级
1015	30111015	5660	令牌玄攻雕纹5级
1016	30111016	11435	令牌玄攻雕纹6级
1017	30111017	21375	令牌玄攻雕纹7级
1018	30111018	49760	令牌玄攻雕纹8级
1019	30111019	122840	令牌玄攻雕纹9级
1020	30111020	247790	令牌玄攻雕纹10级
1021	30111021	480	令牌毒攻雕纹1级
1022	30111022	550	令牌毒攻雕纹2级
1023	30111023	865	令牌毒攻雕纹3级
1024	30111024	2615	令牌毒攻雕纹4级
1025	30111025	5660	令牌毒攻雕纹5级
1026	30111026	11435	令牌毒攻雕纹6级
1027	30111027	21375	令牌毒攻雕纹7级
1028	30111028	49760	令牌毒攻雕纹8级
1029	30111029	122840	令牌毒攻雕纹9级
1030	30111030	247790	令牌毒攻雕纹10级
1031	30111031	480	令牌冰抗雕纹1级
1032	30111032	550	令牌冰抗雕纹2级
1033	30111033	865	令牌冰抗雕纹3级
1034	30111034	2615	令牌冰抗雕纹4级
1035	30111035	5660	令牌冰抗雕纹5级
1036	30111036	11435	令牌冰抗雕纹6级
1037	30111037	21375	令牌冰抗雕纹7级
1038	30111038	49760	令牌冰抗雕纹8级
1039	30111039	122840	令牌冰抗雕纹9级
1040	30111040	247790	令牌冰抗雕纹10级
1041	30111041	480	令牌火抗雕纹1级
1042	30111042	550	令牌火抗雕纹2级
1043	30111043	865	令牌火抗雕纹3级
1044	30111044	2615	令牌火抗雕纹4级
1045	30111045	5660	令牌火抗雕纹5级
1046	30111046	11435	令牌火抗雕纹6级
1047	30111047	21375	令牌火抗雕纹7级
1048	30111048	49760	令牌火抗雕纹8级
1049	30111049	122840	令牌火抗雕纹9级
1050	30111050	247790	令牌火抗雕纹10级
1051	30111051	480	令牌玄抗雕纹1级
1052	30111052	550	令牌玄抗雕纹2级
1053	30111053	865	令牌玄抗雕纹3级
1054	30111054	2615	令牌玄抗雕纹4级
1055	30111055	5660	令牌玄抗雕纹5级
1056	30111056	11435	令牌玄抗雕纹6级
1057	30111057	21375	令牌玄抗雕纹7级
1058	30111058	49760	令牌玄抗雕纹8级
1059	30111059	122840	令牌玄抗雕纹9级
1060	30111060	247790	令牌玄抗雕纹10级
1061	30111061	480	令牌毒抗雕纹1级
1062	30111062	550	令牌毒抗雕纹2级
1063	30111063	865	令牌毒抗雕纹3级
1064	30111064	2615	令牌毒抗雕纹4级
1065	30111065	5660	令牌毒抗雕纹5级
1066	30111066	11435	令牌毒抗雕纹6级
1067	30111067	21375	令牌毒抗雕纹7级
1068	30111068	49760	令牌毒抗雕纹8级
1069	30111069	122840	令牌毒抗雕纹9级
1070	30111070	247790	令牌毒抗雕纹10级
1071	30111071	880	令牌减冰抗雕纹1级
1072	30111072	1090	令牌减冰抗雕纹2级
1073	30111073	2035	令牌减冰抗雕纹3级
1074	30111074	7285	令牌减冰抗雕纹4级
1075	30111075	16420	令牌减冰抗雕纹5级
1076	30111076	33745	令牌减冰抗雕纹6级
1077	30111077	63565	令牌减冰抗雕纹7级
1078	30111078	148720	令牌减冰抗雕纹8级
1079	30111079	367960	令牌减冰抗雕纹9级
1080	30111080	654610	令牌减冰抗雕纹10级
1081	30111081	880	令牌减火抗雕纹1级
1082	30111082	1090	令牌减火抗雕纹2级
1083	30111083	2035	令牌减火抗雕纹3级
1084	30111084	7285	令牌减火抗雕纹4级
1085	30111085	16420	令牌减火抗雕纹5级
1086	30111086	33745	令牌减火抗雕纹6级
1087	30111087	63565	令牌减火抗雕纹7级
1088	30111088	148720	令牌减火抗雕纹8级
1089	30111089	367960	令牌减火抗雕纹9级
1090	30111090	654610	令牌减火抗雕纹10级
1091	30111091	880	令牌减玄抗雕纹1级
1092	30111092	1090	令牌减玄抗雕纹2级
1093	30111093	2035	令牌减玄抗雕纹3级
1094	30111094	7285	令牌减玄抗雕纹4级
1095	30111095	16420	令牌减玄抗雕纹5级
1096	30111096	33745	令牌减玄抗雕纹6级
1097	30111097	63565	令牌减玄抗雕纹7级
1098	30111098	148720	令牌减玄抗雕纹8级
1099	30111099	367960	令牌减玄抗雕纹9级
1100	30111100	654610	令牌减玄抗雕纹10级
1101	30111101	880	令牌减毒抗雕纹1级
1102	30111102	1090	令牌减毒抗雕纹2级
1103	30111103	2035	令牌减毒抗雕纹3级
1104	30111104	7285	令牌减毒抗雕纹4级
1105	30111105	16420	令牌减毒抗雕纹5级
1106	30111106	33745	令牌减毒抗雕纹6级
1107	30111107	63565	令牌减毒抗雕纹7级
1108	30111108	148720	令牌减毒抗雕纹8级
1109	30111109	367960	令牌减毒抗雕纹9级
1110	30111110	654610	令牌减毒抗雕纹10级
1111	30111111	480	衣服冰抗雕纹1级
1112	30111112	550	衣服冰抗雕纹2级
1113	30111113	865	衣服冰抗雕纹3级
1114	30111114	2615	衣服冰抗雕纹4级
1115	30111115	5660	衣服冰抗雕纹5级
1116	30111116	11435	衣服冰抗雕纹6级
1117	30111117	21375	衣服冰抗雕纹7级
1118	30111118	49760	衣服冰抗雕纹8级
1119	30111119	122840	衣服冰抗雕纹9级
1120	30111120	247790	衣服冰抗雕纹10级
1121	30111121	480	衣服火抗雕纹1级
1122	30111122	550	衣服火抗雕纹2级
1123	30111123	865	衣服火抗雕纹3级
1124	30111124	2615	衣服火抗雕纹4级
1125	30111125	5660	衣服火抗雕纹5级
1126	30111126	11435	衣服火抗雕纹6级
1127	30111127	21375	衣服火抗雕纹7级
1128	30111128	49760	衣服火抗雕纹8级
1129	30111129	122840	衣服火抗雕纹9级
1130	30111130	247790	衣服火抗雕纹10级
1131	30111131	480	衣服玄抗雕纹1级
1132	30111132	550	衣服玄抗雕纹2级
1133	30111133	865	衣服玄抗雕纹3级
1134	30111134	2615	衣服玄抗雕纹4级
1135	30111135	5660	衣服玄抗雕纹5级
1136	30111136	11435	衣服玄抗雕纹6级
1137	30111137	21375	衣服玄抗雕纹7级
1138	30111138	49760	衣服玄抗雕纹8级
1139	30111139	122840	衣服玄抗雕纹9级
1140	30111140	247790	衣服玄抗雕纹10级
1141	30111141	480	衣服毒抗雕纹1级
1142	30111142	550	衣服毒抗雕纹2级
1143	30111143	865	衣服毒抗雕纹3级
1144	30111144	2615	衣服毒抗雕纹4级
1145	30111145	5660	衣服毒抗雕纹5级
1146	30111146	11435	衣服毒抗雕纹6级
1147	30111147	21375	衣服毒抗雕纹7级
1148	30111148	49760	衣服毒抗雕纹8级
1149	30111149	122840	衣服毒抗雕纹9级
1150	30111150	247790	衣服毒抗雕纹10级
1151	30111151	480	手套冰抗雕纹1级
1152	30111152	550	手套冰抗雕纹2级
1153	30111153	865	手套冰抗雕纹3级
1154	30111154	2615	手套冰抗雕纹4级
1155	30111155	5660	手套冰抗雕纹5级
1156	30111156	11435	手套冰抗雕纹6级
1157	30111157	21375	手套冰抗雕纹7级
1158	30111158	49760	手套冰抗雕纹8级
1159	30111159	122840	手套冰抗雕纹9级
1160	30111160	247790	手套冰抗雕纹10级
1161	30111161	480	手套火抗雕纹1级
1162	30111162	550	手套火抗雕纹2级
1163	30111163	865	手套火抗雕纹3级
1164	30111164	2615	手套火抗雕纹4级
1165	30111165	5660	手套火抗雕纹5级
1166	30111166	11435	手套火抗雕纹6级
1167	30111167	21375	手套火抗雕纹7级
1168	30111168	49760	手套火抗雕纹8级
1169	30111169	122840	手套火抗雕纹9级
1170	30111170	247790	手套火抗雕纹10级
1171	30111171	480	手套玄抗雕纹1级
1172	30111172	550	手套玄抗雕纹2级
1173	30111173	865	手套玄抗雕纹3级
1174	30111174	2615	手套玄抗雕纹4级
1175	30111175	5660	手套玄抗雕纹5级
1176	30111176	11435	手套玄抗雕纹6级
1177	30111177	21375	手套玄抗雕纹7级
1178	30111178	49760	手套玄抗雕纹8级
1179	30111179	122840	手套玄抗雕纹9级
1180	30111180	247790	手套玄抗雕纹10级
1181	30111181	480	手套毒抗雕纹1级
1182	30111182	550	手套毒抗雕纹2级
1183	30111183	865	手套毒抗雕纹3级
1184	30111184	2615	手套毒抗雕纹4级
1185	30111185	5660	手套毒抗雕纹5级
1186	30111186	11435	手套毒抗雕纹6级
1187	30111187	21375	手套毒抗雕纹7级
1188	30111188	49760	手套毒抗雕纹8级
1189	30111189	122840	手套毒抗雕纹9级
1190	30111190	247790	手套毒抗雕纹10级
1191	30111191	480	护肩冰抗雕纹1级
1192	30111192	550	护肩冰抗雕纹2级
1193	30111193	865	护肩冰抗雕纹3级
1194	30111194	2615	护肩冰抗雕纹4级
1195	30111195	5660	护肩冰抗雕纹5级
1196	30111196	11435	护肩冰抗雕纹6级
1197	30111197	21375	护肩冰抗雕纹7级
1198	30111198	49760	护肩冰抗雕纹8级
1199	30111199	122840	护肩冰抗雕纹9级
1200	30111200	247790	护肩冰抗雕纹10级
1201	30111201	480	护肩火抗雕纹1级
1202	30111202	550	护肩火抗雕纹2级
1203	30111203	865	护肩火抗雕纹3级
1204	30111204	2615	护肩火抗雕纹4级
1205	30111205	5660	护肩火抗雕纹5级
1206	30111206	11435	护肩火抗雕纹6级
1207	30111207	21375	护肩火抗雕纹7级
1208	30111208	49760	护肩火抗雕纹8级
1209	30111209	122840	护肩火抗雕纹9级
1210	30111210	247790	护肩火抗雕纹10级
1211	30111211	480	护肩玄抗雕纹1级
1212	30111212	550	护肩玄抗雕纹2级
1213	30111213	865	护肩玄抗雕纹3级
1214	30111214	2615	护肩玄抗雕纹4级
1215	30111215	5660	护肩玄抗雕纹5级
1216	30111216	11435	护肩玄抗雕纹6级
1217	30111217	21375	护肩玄抗雕纹7级
1218	30111218	49760	护肩玄抗雕纹8级
1219	30111219	122840	护肩玄抗雕纹9级
1220	30111220	247790	护肩玄抗雕纹10级
1221	30111221	480	护肩毒抗雕纹1级
1222	30111222	550	护肩毒抗雕纹2级
1223	30111223	865	护肩毒抗雕纹3级
1224	30111224	2615	护肩毒抗雕纹4级
1225	30111225	5660	护肩毒抗雕纹5级
1226	30111226	11435	护肩毒抗雕纹6级
1227	30111227	21375	护肩毒抗雕纹7级
1228	30111228	49760	护肩毒抗雕纹8级
1229	30111229	122840	护肩毒抗雕纹9级
1230	30111230	247790	护肩毒抗雕纹10级
1231	30111231	480	鞋子冰抗雕纹1级
1232	30111232	550	鞋子冰抗雕纹2级
1233	30111233	865	鞋子冰抗雕纹3级
1234	30111234	2615	鞋子冰抗雕纹4级
1235	30111235	5660	鞋子冰抗雕纹5级
1236	30111236	11435	鞋子冰抗雕纹6级
1237	30111237	21375	鞋子冰抗雕纹7级
1238	30111238	49760	鞋子冰抗雕纹8级
1239	30111239	122840	鞋子冰抗雕纹9级
1240	30111240	247790	鞋子冰抗雕纹10级
1241	30111241	480	鞋子火抗雕纹1级
1242	30111242	550	鞋子火抗雕纹2级
1243	30111243	865	鞋子火抗雕纹3级
1244	30111244	2615	鞋子火抗雕纹4级
1245	30111245	5660	鞋子火抗雕纹5级
1246	30111246	11435	鞋子火抗雕纹6级
1247	30111247	21375	鞋子火抗雕纹7级
1248	30111248	49760	鞋子火抗雕纹8级
1249	30111249	122840	鞋子火抗雕纹9级
1250	30111250	247790	鞋子火抗雕纹10级
1251	30111251	480	鞋子玄抗雕纹1级
1252	30111252	550	鞋子玄抗雕纹2级
1253	30111253	865	鞋子玄抗雕纹3级
1254	30111254	2615	鞋子玄抗雕纹4级
1255	30111255	5660	鞋子玄抗雕纹5级
1256	30111256	11435	鞋子玄抗雕纹6级
1257	30111257	21375	鞋子玄抗雕纹7级
1258	30111258	49760	鞋子玄抗雕纹8级
1259	30111259	122840	鞋子玄抗雕纹9级
1260	30111260	247790	鞋子玄抗雕纹10级
1261	30111261	480	鞋子毒抗雕纹1级
1262	30111262	550	鞋子毒抗雕纹2级
1263	30111263	865	鞋子毒抗雕纹3级
1264	30111264	2615	鞋子毒抗雕纹4级
1265	30111265	5660	鞋子毒抗雕纹5级
1266	30111266	11435	鞋子毒抗雕纹6级
1267	30111267	21375	鞋子毒抗雕纹7级
1268	30111268	49760	鞋子毒抗雕纹8级
1269	30111269	122840	鞋子毒抗雕纹9级
1270	30111270	247790	鞋子毒抗雕纹10级
1271	30111271	480	腰带冰抗雕纹1级
1272	30111272	550	腰带冰抗雕纹2级
1273	30111273	865	腰带冰抗雕纹3级
1274	30111274	2615	腰带冰抗雕纹4级
1275	30111275	5660	腰带冰抗雕纹5级
1276	30111276	11435	腰带冰抗雕纹6级
1277	30111277	21375	腰带冰抗雕纹7级
1278	30111278	49760	腰带冰抗雕纹8级
1279	30111279	122840	腰带冰抗雕纹9级
1280	30111280	247790	腰带冰抗雕纹10级
1281	30111281	480	腰带火抗雕纹1级
1282	30111282	550	腰带火抗雕纹2级
1283	30111283	865	腰带火抗雕纹3级
1284	30111284	2615	腰带火抗雕纹4级
1285	30111285	5660	腰带火抗雕纹5级
1286	30111286	11435	腰带火抗雕纹6级
1287	30111287	21375	腰带火抗雕纹7级
1288	30111288	49760	腰带火抗雕纹8级
1289	30111289	122840	腰带火抗雕纹9级
1290	30111290	247790	腰带火抗雕纹10级
1291	30111291	480	腰带玄抗雕纹1级
1292	30111292	550	腰带玄抗雕纹2级
1293	30111293	865	腰带玄抗雕纹3级
1294	30111294	2615	腰带玄抗雕纹4级
1295	30111295	5660	腰带玄抗雕纹5级
1296	30111296	11435	腰带玄抗雕纹6级
1297	30111297	21375	腰带玄抗雕纹7级
1298	30111298	49760	腰带玄抗雕纹8级
1299	30111299	122840	腰带玄抗雕纹9级
1300	30111300	247790	腰带玄抗雕纹10级
1301	30111301	480	腰带毒抗雕纹1级
1302	30111302	550	腰带毒抗雕纹2级
1303	30111303	865	腰带毒抗雕纹3级
1304	30111304	2615	腰带毒抗雕纹4级
1305	30111305	5660	腰带毒抗雕纹5级
1306	30111306	11435	腰带毒抗雕纹6级
1307	30111307	21375	腰带毒抗雕纹7级
1308	30111308	49760	腰带毒抗雕纹8级
1309	30111309	122840	腰带毒抗雕纹9级
1310	30111310	247790	腰带毒抗雕纹10级
1311	30111311	880	护腕减冰抗雕纹1级
1312	30111312	1090	护腕减冰抗雕纹2级
1313	30111313	2035	护腕减冰抗雕纹3级
1314	30111314	7285	护腕减冰抗雕纹4级
1315	30111315	16420	护腕减冰抗雕纹5级
1316	30111316	33745	护腕减冰抗雕纹6级
1317	30111317	63565	护腕减冰抗雕纹7级
1318	30111318	148720	护腕减冰抗雕纹8级
1319	30111319	367960	护腕减冰抗雕纹9级
1320	30111320	654610	护腕减冰抗雕纹10级
1321	30111321	880	护腕减火抗雕纹1级
1322	30111322	1090	护腕减火抗雕纹2级
1323	30111323	2035	护腕减火抗雕纹3级
1324	30111324	7285	护腕减火抗雕纹4级
1325	30111325	16420	护腕减火抗雕纹5级
1326	30111326	33745	护腕减火抗雕纹6级
1327	30111327	63565	护腕减火抗雕纹7级
1328	30111328	148720	护腕减火抗雕纹8级
1329	30111329	367960	护腕减火抗雕纹9级
1330	30111330	654610	护腕减火抗雕纹10级
1331	30111331	880	护腕减玄抗雕纹1级
1332	30111332	1090	护腕减玄抗雕纹2级
1333	30111333	2035	护腕减玄抗雕纹3级
1334	30111334	7285	护腕减玄抗雕纹4级
1335	30111335	16420	护腕减玄抗雕纹5级
1336	30111336	33745	护腕减玄抗雕纹6级
1337	30111337	63565	护腕减玄抗雕纹7级
1338	30111338	148720	护腕减玄抗雕纹8级
1339	30111339	367960	护腕减玄抗雕纹9级
1340	30111340	654610	护腕减玄抗雕纹10级
1341	30111341	880	护腕减毒抗雕纹1级
1342	30111342	1090	护腕减毒抗雕纹2级
1343	30111343	2035	护腕减毒抗雕纹3级
1344	30111344	7285	护腕减毒抗雕纹4级
1345	30111345	16420	护腕减毒抗雕纹5级
1346	30111346	33745	护腕减毒抗雕纹6级
1347	30111347	63565	护腕减毒抗雕纹7级
1348	30111348	148720	护腕减毒抗雕纹8级
1349	30111349	367960	护腕减毒抗雕纹9级
1350	30111350	654610	护腕减毒抗雕纹10级
1351	30111351	880	饰品减冰抗雕纹1级
1352	30111352	1090	饰品减冰抗雕纹2级
1353	30111353	2035	饰品减冰抗雕纹3级
1354	30111354	7285	饰品减冰抗雕纹4级
1355	30111355	16420	饰品减冰抗雕纹5级
1356	30111356	33745	饰品减冰抗雕纹6级
1357	30111357	63565	饰品减冰抗雕纹7级
1358	30111358	148720	饰品减冰抗雕纹8级
1359	30111359	367960	饰品减冰抗雕纹9级
1360	30111360	654610	饰品减冰抗雕纹10级
1361	30111361	880	饰品减火抗雕纹1级
1362	30111362	1090	饰品减火抗雕纹2级
1363	30111363	2035	饰品减火抗雕纹3级
1364	30111364	7285	饰品减火抗雕纹4级
1365	30111365	16420	饰品减火抗雕纹5级
1366	30111366	33745	饰品减火抗雕纹6级
1367	30111367	63565	饰品减火抗雕纹7级
1368	30111368	148720	饰品减火抗雕纹8级
1369	30111369	367960	饰品减火抗雕纹9级
1370	30111370	654610	饰品减火抗雕纹10级
1371	30111371	880	饰品减玄抗雕纹1级
1372	30111372	1090	饰品减玄抗雕纹2级
1373	30111373	2035	饰品减玄抗雕纹3级
1374	30111374	7285	饰品减玄抗雕纹4级
1375	30111375	16420	饰品减玄抗雕纹5级
1376	30111376	33745	饰品减玄抗雕纹6级
1377	30111377	63565	饰品减玄抗雕纹7级
1378	30111378	148720	饰品减玄抗雕纹8级
1379	30111379	367960	饰品减玄抗雕纹9级
1380	30111380	654610	饰品减玄抗雕纹10级
1381	30111381	880	饰品减毒抗雕纹1级
1382	30111382	1090	饰品减毒抗雕纹2级
1383	30111383	2035	饰品减毒抗雕纹3级
1384	30111384	7285	饰品减毒抗雕纹4级
1385	30111385	16420	饰品减毒抗雕纹5级
1386	30111386	33745	饰品减毒抗雕纹6级
1387	30111387	63565	饰品减毒抗雕纹7级
1388	30111388	148720	饰品减毒抗雕纹8级
1389	30111389	367960	饰品减毒抗雕纹9级
1390	30111390	654610	饰品减毒抗雕纹10级
1391	30111391	480	项链冰攻雕纹1级
1392	30111392	550	项链冰攻雕纹2级
1393	30111393	865	项链冰攻雕纹3级
1394	30111394	2615	项链冰攻雕纹4级
1395	30111395	5660	项链冰攻雕纹5级
1396	30111396	11435	项链冰攻雕纹6级
1397	30111397	21375	项链冰攻雕纹7级
1398	30111398	49760	项链冰攻雕纹8级
1399	30111399	122840	项链冰攻雕纹9级
1400	30111400	247790	项链冰攻雕纹10级
1401	30111401	480	项链火攻雕纹1级
1402	30111402	550	项链火攻雕纹2级
1403	30111403	865	项链火攻雕纹3级
1404	30111404	2615	项链火攻雕纹4级
1405	30111405	5660	项链火攻雕纹5级
1406	30111406	11435	项链火攻雕纹6级
1407	30111407	21375	项链火攻雕纹7级
1408	30111408	49760	项链火攻雕纹8级
1409	30111409	122840	项链火攻雕纹9级
1410	30111410	247790	项链火攻雕纹10级
1411	30111411	480	项链玄攻雕纹1级
1412	30111412	550	项链玄攻雕纹2级
1413	30111413	865	项链玄攻雕纹3级
1414	30111414	2615	项链玄攻雕纹4级
1415	30111415	5660	项链玄攻雕纹5级
1416	30111416	11435	项链玄攻雕纹6级
1417	30111417	21375	项链玄攻雕纹7级
1418	30111418	49760	项链玄攻雕纹8级
1419	30111419	122840	项链玄攻雕纹9级
1420	30111420	247790	项链玄攻雕纹10级
1421	30111421	480	项链毒攻雕纹1级
1422	30111422	550	项链毒攻雕纹2级
1423	30111423	865	项链毒攻雕纹3级
1424	30111424	2615	项链毒攻雕纹4级
1425	30111425	5660	项链毒攻雕纹5级
1426	30111426	11435	项链毒攻雕纹6级
1427	30111427	21375	项链毒攻雕纹7级
1428	30111428	49760	项链毒攻雕纹8级
1429	30111429	122840	项链毒攻雕纹9级
1430	30111430	247790	项链毒攻雕纹10级
1431	30111431	480	豪侠印力量雕纹1级
1432	30111432	550	豪侠印力量雕纹2级
1433	30111433	865	豪侠印力量雕纹3级
1434	30111434	2615	豪侠印力量雕纹4级
1435	30111435	5660	豪侠印力量雕纹5级
1436	30111436	11435	豪侠印力量雕纹6级
1437	30111437	21375	豪侠印力量雕纹7级
1438	30111438	49760	豪侠印力量雕纹8级
1439	30111439	122840	豪侠印力量雕纹9级
1440	30111440	247790	豪侠印力量雕纹10级
1441	30111441	480	豪侠印灵气雕纹1级
1442	30111442	550	豪侠印灵气雕纹2级
1443	30111443	865	豪侠印灵气雕纹3级
1444	30111444	2615	豪侠印灵气雕纹4级
1445	30111445	5660	豪侠印灵气雕纹5级
1446	30111446	11435	豪侠印灵气雕纹6级
1447	30111447	21375	豪侠印灵气雕纹7级
1448	30111448	49760	豪侠印灵气雕纹8级
1449	30111449	122840	豪侠印灵气雕纹9级
1450	30111450	247790	豪侠印灵气雕纹10级
1451	30111451	480	豪侠印体力雕纹1级
1452	30111452	550	豪侠印体力雕纹2级
1453	30111453	865	豪侠印体力雕纹3级
1454	30111454	2615	豪侠印体力雕纹4级
1455	30111455	5660	豪侠印体力雕纹5级
1456	30111456	11435	豪侠印体力雕纹6级
1457	30111457	21375	豪侠印体力雕纹7级
1458	30111458	49760	豪侠印体力雕纹8级
1459	30111459	122840	豪侠印体力雕纹9级
1460	30111460	247790	豪侠印体力雕纹10级
1461	30111461	480	豪侠印定力雕纹1级
1462	30111462	550	豪侠印定力雕纹2级
1463	30111463	865	豪侠印定力雕纹3级
1464	30111464	2615	豪侠印定力雕纹4级
1465	30111465	5660	豪侠印定力雕纹5级
1466	30111466	11435	豪侠印定力雕纹6级
1467	30111467	21375	豪侠印定力雕纹7级
1468	30111468	49760	豪侠印定力雕纹8级
1469	30111469	122840	豪侠印定力雕纹9级
1470	30111470	247790	豪侠印定力雕纹10级
1471	30111471	480	豪侠印身法雕纹1级
1472	30111472	550	豪侠印身法雕纹2级
1473	30111473	865	豪侠印身法雕纹3级
1474	30111474	2615	豪侠印身法雕纹4级
1475	30111475	5660	豪侠印身法雕纹5级
1476	30111476	11435	豪侠印身法雕纹6级
1477	30111477	21375	豪侠印身法雕纹7级
1478	30111478	49760	豪侠印身法雕纹8级
1479	30111479	122840	豪侠印身法雕纹9级
1480	30111480	247790	豪侠印身法雕纹10级
1481	30111481	480	豪侠印冰攻雕纹1级
1482	30111482	550	豪侠印冰攻雕纹2级
1483	30111483	865	豪侠印冰攻雕纹3级
1484	30111484	2615	豪侠印冰攻雕纹4级
1485	30111485	5660	豪侠印冰攻雕纹5级
1486	30111486	11435	豪侠印冰攻雕纹6级
1487	30111487	21375	豪侠印冰攻雕纹7级
1488	30111488	49760	豪侠印冰攻雕纹8级
1489	30111489	122840	豪侠印冰攻雕纹9级
1490	30111490	247790	豪侠印冰攻雕纹10级
1491	30111491	480	豪侠印火攻雕纹1级
1492	30111492	550	豪侠印火攻雕纹2级
1493	30111493	865	豪侠印火攻雕纹3级
1494	30111494	2615	豪侠印火攻雕纹4级
1495	30111495	5660	豪侠印火攻雕纹5级
1496	30111496	11435	豪侠印火攻雕纹6级
1497	30111497	21375	豪侠印火攻雕纹7级
1498	30111498	49760	豪侠印火攻雕纹8级
1499	30111499	122840	豪侠印火攻雕纹9级
1500	30111500	247790	豪侠印火攻雕纹10级
1501	30111501	480	豪侠印玄攻雕纹1级
1502	30111502	550	豪侠印玄攻雕纹2级
1503	30111503	865	豪侠印玄攻雕纹3级
1504	30111504	2615	豪侠印玄攻雕纹4级
1505	30111505	5660	豪侠印玄攻雕纹5级
1506	30111506	11435	豪侠印玄攻雕纹6级
1507	30111507	21375	豪侠印玄攻雕纹7级
1508	30111508	49760	豪侠印玄攻雕纹8级
1509	30111509	122840	豪侠印玄攻雕纹9级
1510	30111510	247790	豪侠印玄攻雕纹10级
1511	30111511	480	豪侠印毒攻雕纹1级
1512	30111512	550	豪侠印毒攻雕纹2级
1513	30111513	865	豪侠印毒攻雕纹3级
1514	30111514	2615	豪侠印毒攻雕纹4级
1515	30111515	5660	豪侠印毒攻雕纹5级
1516	30111516	11435	豪侠印毒攻雕纹6级
1517	30111517	21375	豪侠印毒攻雕纹7级
1518	30111518	49760	豪侠印毒攻雕纹8级
1519	30111519	122840	豪侠印毒攻雕纹9级
1520	30111520	247790	豪侠印毒攻雕纹10级
1521	30111521	480	豪侠印冰抗雕纹1级
1522	30111522	550	豪侠印冰抗雕纹2级
1523	30111523	865	豪侠印冰抗雕纹3级
1524	30111524	2615	豪侠印冰抗雕纹4级
1525	30111525	5660	豪侠印冰抗雕纹5级
1526	30111526	11435	豪侠印冰抗雕纹6级
1527	30111527	21375	豪侠印冰抗雕纹7级
1528	30111528	49760	豪侠印冰抗雕纹8级
1529	30111529	122840	豪侠印冰抗雕纹9级
1530	30111530	247790	豪侠印冰抗雕纹10级
1531	30111531	480	豪侠印火抗雕纹1级
1532	30111532	550	豪侠印火抗雕纹2级
1533	30111533	865	豪侠印火抗雕纹3级
1534	30111534	2615	豪侠印火抗雕纹4级
1535	30111535	5660	豪侠印火抗雕纹5级
1536	30111536	11435	豪侠印火抗雕纹6级
1537	30111537	21375	豪侠印火抗雕纹7级
1538	30111538	49760	豪侠印火抗雕纹8级
1539	30111539	122840	豪侠印火抗雕纹9级
1540	30111540	247790	豪侠印火抗雕纹10级
1541	30111541	480	豪侠印玄抗雕纹1级
1542	30111542	550	豪侠印玄抗雕纹2级
1543	30111543	865	豪侠印玄抗雕纹3级
1544	30111544	2615	豪侠印玄抗雕纹4级
1545	30111545	5660	豪侠印玄抗雕纹5级
1546	30111546	11435	豪侠印玄抗雕纹6级
1547	30111547	21375	豪侠印玄抗雕纹7级
1548	30111548	49760	豪侠印玄抗雕纹8级
1549	30111549	122840	豪侠印玄抗雕纹9级
1550	30111550	247790	豪侠印玄抗雕纹10级
1551	30111551	480	豪侠印毒抗雕纹1级
1552	30111552	550	豪侠印毒抗雕纹2级
1553	30111553	865	豪侠印毒抗雕纹3级
1554	30111554	2615	豪侠印毒抗雕纹4级
1555	30111555	5660	豪侠印毒抗雕纹5级
1556	30111556	11435	豪侠印毒抗雕纹6级
1557	30111557	21375	豪侠印毒抗雕纹7级
1558	30111558	49760	豪侠印毒抗雕纹8级
1559	30111559	122840	豪侠印毒抗雕纹9级
1560	30111560	247790	豪侠印毒抗雕纹10级
1561	30111561	880	豪侠印减冰抗雕纹1级
1562	30111562	1090	豪侠印减冰抗雕纹2级
1563	30111563	2035	豪侠印减冰抗雕纹3级
1564	30111564	7285	豪侠印减冰抗雕纹4级
1565	30111565	16420	豪侠印减冰抗雕纹5级
1566	30111566	33745	豪侠印减冰抗雕纹6级
1567	30111567	63565	豪侠印减冰抗雕纹7级
1568	30111568	148720	豪侠印减冰抗雕纹8级
1569	30111569	367960	豪侠印减冰抗雕纹9级
1570	30111570	654610	豪侠印减冰抗雕纹10级
1571	30111571	880	豪侠印减火抗雕纹1级
1572	30111572	1090	豪侠印减火抗雕纹2级
1573	30111573	2035	豪侠印减火抗雕纹3级
1574	30111574	7285	豪侠印减火抗雕纹4级
1575	30111575	16420	豪侠印减火抗雕纹5级
1576	30111576	33745	豪侠印减火抗雕纹6级
1577	30111577	63565	豪侠印减火抗雕纹7级
1578	30111578	148720	豪侠印减火抗雕纹8级
1579	30111579	367960	豪侠印减火抗雕纹9级
1580	30111580	654610	豪侠印减火抗雕纹10级
1581	30111581	880	豪侠印减玄抗雕纹1级
1582	30111582	1090	豪侠印减玄抗雕纹2级
1583	30111583	2035	豪侠印减玄抗雕纹3级
1584	30111584	7285	豪侠印减玄抗雕纹4级
1585	30111585	16420	豪侠印减玄抗雕纹5级
1586	30111586	33745	豪侠印减玄抗雕纹6级
1587	30111587	63565	豪侠印减玄抗雕纹7级
1588	30111588	148720	豪侠印减玄抗雕纹8级
1589	30111589	367960	豪侠印减玄抗雕纹9级
1590	30111590	654610	豪侠印减玄抗雕纹10级
1591	30111591	880	豪侠印减毒抗雕纹1级
1592	30111592	1090	豪侠印减毒抗雕纹2级
1593	30111593	2035	豪侠印减毒抗雕纹3级
1594	30111594	7285	豪侠印减毒抗雕纹4级
1595	30111595	16420	豪侠印减毒抗雕纹5级
1596	30111596	33745	豪侠印减毒抗雕纹6级
1597	30111597	63565	豪侠印减毒抗雕纹7级
1598	30111598	148720	豪侠印减毒抗雕纹8级
1599	30111599	367960	豪侠印减毒抗雕纹9级
1600	30111600	654610	豪侠印减毒抗雕纹10级
1601	30111601	480	镇派秘宝力量雕纹1级
1602	30111602	550	镇派秘宝力量雕纹2级
1603	30111603	865	镇派秘宝力量雕纹3级
1604	30111604	2615	镇派秘宝力量雕纹4级
1605	30111605	5660	镇派秘宝力量雕纹5级
1606	30111606	11435	镇派秘宝力量雕纹6级
1607	30111607	21375	镇派秘宝力量雕纹7级
1608	30111608	49760	镇派秘宝力量雕纹8级
1609	30111609	122840	镇派秘宝力量雕纹9级
1610	30111610	247790	镇派秘宝力量雕纹10级
1611	30111611	480	镇派秘宝灵气雕纹1级
1612	30111612	550	镇派秘宝灵气雕纹2级
1613	30111613	865	镇派秘宝灵气雕纹3级
1614	30111614	2615	镇派秘宝灵气雕纹4级
1615	30111615	5660	镇派秘宝灵气雕纹5级
1616	30111616	11435	镇派秘宝灵气雕纹6级
1617	30111617	21375	镇派秘宝灵气雕纹7级
1618	30111618	49760	镇派秘宝灵气雕纹8级
1619	30111619	122840	镇派秘宝灵气雕纹9级
1620	30111620	247790	镇派秘宝灵气雕纹10级
1621	30111621	480	镇派秘宝体力雕纹1级
1622	30111622	550	镇派秘宝体力雕纹2级
1623	30111623	865	镇派秘宝体力雕纹3级
1624	30111624	2615	镇派秘宝体力雕纹4级
1625	30111625	5660	镇派秘宝体力雕纹5级
1626	30111626	11435	镇派秘宝体力雕纹6级
1627	30111627	21375	镇派秘宝体力雕纹7级
1628	30111628	49760	镇派秘宝体力雕纹8级
1629	30111629	122840	镇派秘宝体力雕纹9级
1630	30111630	247790	镇派秘宝体力雕纹10级
1631	30111631	480	镇派秘宝定力雕纹1级
1632	30111632	550	镇派秘宝定力雕纹2级
1633	30111633	865	镇派秘宝定力雕纹3级
1634	30111634	2615	镇派秘宝定力雕纹4级
1635	30111635	5660	镇派秘宝定力雕纹5级
1636	30111636	11435	镇派秘宝定力雕纹6级
1637	30111637	21375	镇派秘宝定力雕纹7级
1638	30111638	49760	镇派秘宝定力雕纹8级
1639	30111639	122840	镇派秘宝定力雕纹9级
1640	30111640	247790	镇派秘宝定力雕纹10级
1641	30111641	480	镇派秘宝身法雕纹1级
1642	30111642	550	镇派秘宝身法雕纹2级
1643	30111643	865	镇派秘宝身法雕纹3级
1644	30111644	2615	镇派秘宝身法雕纹4级
1645	30111645	5660	镇派秘宝身法雕纹5级
1646	30111646	11435	镇派秘宝身法雕纹6级
1647	30111647	21375	镇派秘宝身法雕纹7级
1648	30111648	49760	镇派秘宝身法雕纹8级
1649	30111649	122840	镇派秘宝身法雕纹9级
1650	30111650	247790	镇派秘宝身法雕纹10级
1651	30111651	480	镇派秘宝冰攻雕纹1级
1652	30111652	550	镇派秘宝冰攻雕纹2级
1653	30111653	865	镇派秘宝冰攻雕纹3级
1654	30111654	2615	镇派秘宝冰攻雕纹4级
1655	30111655	5660	镇派秘宝冰攻雕纹5级
1656	30111656	11435	镇派秘宝冰攻雕纹6级
1657	30111657	21375	镇派秘宝冰攻雕纹7级
1658	30111658	49760	镇派秘宝冰攻雕纹8级
1659	30111659	122840	镇派秘宝冰攻雕纹9级
1660	30111660	247790	镇派秘宝冰攻雕纹10级
1661	30111661	480	镇派秘宝火攻雕纹1级
1662	30111662	550	镇派秘宝火攻雕纹2级
1663	30111663	865	镇派秘宝火攻雕纹3级
1664	30111664	2615	镇派秘宝火攻雕纹4级
1665	30111665	5660	镇派秘宝火攻雕纹5级
1666	30111666	11435	镇派秘宝火攻雕纹6级
1667	30111667	21375	镇派秘宝火攻雕纹7级
1668	30111668	49760	镇派秘宝火攻雕纹8级
1669	30111669	122840	镇派秘宝火攻雕纹9级
1670	30111670	247790	镇派秘宝火攻雕纹10级
1671	30111671	480	镇派秘宝玄攻雕纹1级
1672	30111672	550	镇派秘宝玄攻雕纹2级
1673	30111673	865	镇派秘宝玄攻雕纹3级
1674	30111674	2615	镇派秘宝玄攻雕纹4级
1675	30111675	5660	镇派秘宝玄攻雕纹5级
1676	30111676	11435	镇派秘宝玄攻雕纹6级
1677	30111677	21375	镇派秘宝玄攻雕纹7级
1678	30111678	49760	镇派秘宝玄攻雕纹8级
1679	30111679	122840	镇派秘宝玄攻雕纹9级
1680	30111680	247790	镇派秘宝玄攻雕纹10级
1681	30111681	480	镇派秘宝毒攻雕纹1级
1682	30111682	550	镇派秘宝毒攻雕纹2级
1683	30111683	865	镇派秘宝毒攻雕纹3级
1684	30111684	2615	镇派秘宝毒攻雕纹4级
1685	30111685	5660	镇派秘宝毒攻雕纹5级
1686	30111686	11435	镇派秘宝毒攻雕纹6级
1687	30111687	21375	镇派秘宝毒攻雕纹7级
1688	30111688	49760	镇派秘宝毒攻雕纹8级
1689	30111689	122840	镇派秘宝毒攻雕纹9级
1690	30111690	247790	镇派秘宝毒攻雕纹10级
1691	30111691	480	镇派秘宝冰抗雕纹1级
1692	30111692	550	镇派秘宝冰抗雕纹2级
1693	30111693	865	镇派秘宝冰抗雕纹3级
1694	30111694	2615	镇派秘宝冰抗雕纹4级
1695	30111695	5660	镇派秘宝冰抗雕纹5级
1696	30111696	11435	镇派秘宝冰抗雕纹6级
1697	30111697	21375	镇派秘宝冰抗雕纹7级
1698	30111698	49760	镇派秘宝冰抗雕纹8级
1699	30111699	122840	镇派秘宝冰抗雕纹9级
1700	30111700	247790	镇派秘宝冰抗雕纹10级
1701	30111701	480	镇派秘宝火抗雕纹1级
1702	30111702	550	镇派秘宝火抗雕纹2级
1703	30111703	865	镇派秘宝火抗雕纹3级
1704	30111704	2615	镇派秘宝火抗雕纹4级
1705	30111705	5660	镇派秘宝火抗雕纹5级
1706	30111706	11435	镇派秘宝火抗雕纹6级
1707	30111707	21375	镇派秘宝火抗雕纹7级
1708	30111708	49760	镇派秘宝火抗雕纹8级
1709	30111709	122840	镇派秘宝火抗雕纹9级
1710	30111710	247790	镇派秘宝火抗雕纹10级
1711	30111711	480	镇派秘宝玄抗雕纹1级
1712	30111712	550	镇派秘宝玄抗雕纹2级
1713	30111713	865	镇派秘宝玄抗雕纹3级
1714	30111714	2615	镇派秘宝玄抗雕纹4级
1715	30111715	5660	镇派秘宝玄抗雕纹5级
1716	30111716	11435	镇派秘宝玄抗雕纹6级
1717	30111717	21375	镇派秘宝玄抗雕纹7级
1718	30111718	49760	镇派秘宝玄抗雕纹8级
1719	30111719	122840	镇派秘宝玄抗雕纹9级
1720	30111720	247790	镇派秘宝玄抗雕纹10级
1721	30111721	480	镇派秘宝毒抗雕纹1级
1722	30111722	550	镇派秘宝毒抗雕纹2级
1723	30111723	865	镇派秘宝毒抗雕纹3级
1724	30111724	2615	镇派秘宝毒抗雕纹4级
1725	30111725	5660	镇派秘宝毒抗雕纹5级
1726	30111726	11435	镇派秘宝毒抗雕纹6级
1727	30111727	21375	镇派秘宝毒抗雕纹7级
1728	30111728	49760	镇派秘宝毒抗雕纹8级
1729	30111729	122840	镇派秘宝毒抗雕纹9级
1730	30111730	247790	镇派秘宝毒抗雕纹10级
1731	30111731	880	镇派秘宝减冰抗雕纹1级
1732	30111732	1090	镇派秘宝减冰抗雕纹2级
1733	30111733	2035	镇派秘宝减冰抗雕纹3级
1734	30111734	7285	镇派秘宝减冰抗雕纹4级
1735	30111735	16420	镇派秘宝减冰抗雕纹5级
1736	30111736	33745	镇派秘宝减冰抗雕纹6级
1737	30111737	63565	镇派秘宝减冰抗雕纹7级
1738	30111738	148720	镇派秘宝减冰抗雕纹8级
1739	30111739	367960	镇派秘宝减冰抗雕纹9级
1740	30111740	654610	镇派秘宝减冰抗雕纹10级
1741	30111741	880	镇派秘宝减火抗雕纹1级
1742	30111742	1090	镇派秘宝减火抗雕纹2级
1743	30111743	2035	镇派秘宝减火抗雕纹3级
1744	30111744	7285	镇派秘宝减火抗雕纹4级
1745	30111745	16420	镇派秘宝减火抗雕纹5级
1746	30111746	33745	镇派秘宝减火抗雕纹6级
1747	30111747	63565	镇派秘宝减火抗雕纹7级
1748	30111748	148720	镇派秘宝减火抗雕纹8级
1749	30111749	367960	镇派秘宝减火抗雕纹9级
1750	30111750	654610	镇派秘宝减火抗雕纹10级
1751	30111751	880	镇派秘宝减玄抗雕纹1级
1752	30111752	1090	镇派秘宝减玄抗雕纹2级
1753	30111753	2035	镇派秘宝减玄抗雕纹3级
1754	30111754	7285	镇派秘宝减玄抗雕纹4级
1755	30111755	16420	镇派秘宝减玄抗雕纹5级
1756	30111756	33745	镇派秘宝减玄抗雕纹6级
1757	30111757	63565	镇派秘宝减玄抗雕纹7级
1758	30111758	148720	镇派秘宝减玄抗雕纹8级
1759	30111759	367960	镇派秘宝减玄抗雕纹9级
1760	30111760	654610	镇派秘宝减玄抗雕纹10级
1761	30111761	880	镇派秘宝减毒抗雕纹1级
1762	30111762	1090	镇派秘宝减毒抗雕纹2级
1763	30111763	2035	镇派秘宝减毒抗雕纹3级
1764	30111764	7285	镇派秘宝减毒抗雕纹4级
1765	30111765	16420	镇派秘宝减毒抗雕纹5级
1766	30111766	33745	镇派秘宝减毒抗雕纹6级
1767	30111767	63565	镇派秘宝减毒抗雕纹7级
1768	30111768	148720	镇派秘宝减毒抗雕纹8级
1769	30111769	367960	镇派秘宝减毒抗雕纹9级
1770	30111770	654610	镇派秘宝减毒抗雕纹10级
