INT	INT	INT	INT	INT	INT	INT	STRING	STRING	STRING	INT	INT	INT	INT	INT	INT	INT	INT	INT	INT	INT	INT	INT	INT	INT	INT
ExteriorID	坐骑类别 1-普通坐骑 2-天空坐骑	启用等级	Quality	是否可见	Index	门派限制	名称	图标	ToolTips	CharMountID	移动速度	是否奢侈品	可取出的ID	是否图鉴坐骑	Imp_10	Imp_20	Imp_40	Imp_60	Imp_70	Imp_75	Imp_80	Imp_85	Imp_90	Imp_95	Imp_100
1	1	20	4	1	1	-1	陆行雕	RideHeader1_9	#G	21	10	0	0	0	43101	43198	43295	-1	43392	43489	43586	43683	47705	-1	-1
2	1	40	4	1	2	0	虎	RideHeader1_13	#r#G仅少林门派可召唤。	0	40	0	0	0	43102	43199	43296	-1	43393	43490	43587	43684	47681	-1	-1
3	1	40	4	1	3	6	黄骠马	RideHeader1_1	#r#G仅天龙门派可召唤。	1	40	0	0	0	43103	43200	43297	-1	43394	43491	43588	43685	47683	-1	-1
4	1	40	4	1	4	-1	骆驼	RideHeader1_11	#G	7	80	0	0	0	43104	43201	43298	-1	43395	43492	43589	43686	47710	-1	-1
5	1	40	4	1	5	3	鹤	RideHeader2_2	#r#G仅武当门派可召唤。	5	40	0	0	0	43105	43202	43299	-1	43396	43493	43590	43687	47676	-1	-1
6	1	40	4	1	6	4	青凤	RideHeader1_16	#r#G仅峨嵋门派可召唤。	6	40	0	0	0	43106	43203	43300	-1	43397	43494	43591	43688	47721	-1	-1
7	1	40	4	1	7	5	牦牛	RideHeader1_3	#r#G仅星宿门派可召唤。	8	40	0	0	0	43107	43204	43301	-1	43398	43495	43592	43689	47712	-1	-1
8	1	40	4	1	8	8	鹿	RideHeader1_5	#r#G仅逍遥门派可召唤。	4	40	0	0	0	43108	43205	43302	-1	43399	43496	43593	43690	47709	-1	-1
9	1	40	4	1	9	7	雕	RideHeader1_9	#r#G仅天山门派可召唤。	3	40	0	0	0	43109	43206	43303	-1	43400	43497	43594	43691	47662	-1	-1
10	1	40	4	1	10	2	灰狼	RideHeader1_7	#r#G仅丐帮门派可召唤。	2	40	0	0	0	43110	43207	43304	-1	43401	43498	43595	43692	47684	-1	-1
11	1	60	4	1	12	0	白虎	RideHeader1_14	#r#G仅少林门派可召唤。	9	70	0	0	0	43111	43208	43305	-1	43402	43499	43596	43693	47645	-1	-1
12	1	60	4	1	13	6	青白骢马	RideHeader1_2	#r#G仅天龙门派可召唤。	10	70	0	0	0	43112	43209	43306	-1	43403	43500	43597	43694	47720	-1	-1
13	1	60	4	1	14	-1	白骆驼	RideHeader1_12	#G	16	80	0	0	0	43113	43210	43307	-1	43404	43501	43598	43695	47648	-1	-1
14	1	60	4	1	15	3	金翼鹤	RideHeader2_1	#r#G仅武当门派可召唤。	14	70	0	0	0	43114	43211	43308	-1	43405	43502	43599	43696	47688	-1	-1
15	1	60	4	1	16	4	红白凤	RideHeader1_15	#r#G仅峨嵋门派可召唤。	15	70	0	0	0	43115	43212	43309	-1	43406	43503	43600	43697	47679	-1	-1
16	1	60	4	1	17	5	白牦牛	RideHeader1_4	#r#G仅星宿门派可召唤。	17	70	0	0	0	43116	43213	43310	-1	43407	43504	43601	43698	47649	-1	-1
17	1	60	4	1	18	8	白鹿	RideHeader1_6	#r#G仅逍遥门派可召唤。	13	70	0	0	0	43117	43214	43311	-1	43408	43505	43602	43699	47647	-1	-1
18	1	60	4	1	19	7	白雕	RideHeader1_10	#r#G仅天山门派可召唤。	12	70	0	0	0	43118	43215	43312	-1	43409	43506	43603	43700	47644	-1	-1
19	1	60	4	1	20	2	白狼	RideHeader1_8	#r#G仅丐帮门派可召唤。	11	70	0	0	0	43119	43216	43313	-1	43410	43507	43604	43701	47646	-1	-1
20	1	40	4	1	21	1	狮子	RideHeader2_3	#r#G仅明教门派可召唤。	18	40	0	0	0	43120	43217	43314	-1	43411	43508	43605	43702	47732	-1	-1
21	1	60	4	1	22	1	白狮	RideHeader2_4	#r#G仅明教门派可召唤。	19	70	0	0	0	43121	43218	43315	-1	43412	43509	43606	43703	47650	-1	-1
22	2	10	4	1	24	-1	大象	RideHeader2_5	#r#G召唤后可邀请同伴一同乘骑。	24	70	0	0	0	43122	43219	43316	-1	43413	43510	43607	43704	47745	-1	-1
23	2	10	4	1	25	-1	犀牛	RideHeader2_15	#r#G召唤后可邀请同伴一同乘骑。	29	70	0	0	0	43123	43220	43317	-1	43414	43511	43608	43705	47651	-1	-1
24	2	10	4	1	26	-1	玄龟	RideHeader2_12	#r#G召唤后可邀请同伴一同乘骑。	31	70	0	0	0	43124	43221	43318	-1	43415	43512	43609	43706	47749	-1	-1
25	1	10	4	1	27	-1	陆吾	RideHeader2_10	#G	26	80	0	0	0	43125	43222	43319	-1	43416	43513	43610	43707	47707	-1	-1
26	1	10	4	1	28	-1	木牛流马	RideHeader2_13	#G	27	80	0	0	0	43126	43223	43320	-1	43417	43514	43611	43708	47714	-1	-1
27	1	10	4	1	29	-1	熊	RideHeader2_9	#G	30	80	0	0	0	43127	43224	43321	-1	43418	43515	43612	43709	47747	-1	-1
28	1	10	4	1	30	-1	符文骑士	RideHeader2_14	#G	32	80	0	0	0	43128	43225	43322	-1	43419	43516	43613	43710	47672	-1	-1
29	1	10	4	1	31	-1	鸵鸟	RideHeader2_11	#G	28	80	0	0	0	43129	43226	43323	-1	43420	43517	43614	43711	47740	-1	-1
30	2	10	4	1	39	-1	河马	Ride2_15	#G	33	70	0	0	0	43130	43227	43324	-1	43421	43518	43615	43712	47675	-1	-1
31	1	10	4	1	40	-1	马车	Ride2_11	#G	34	80	0	0	0	43131	43228	43325	-1	43422	43519	43616	43713	47711	-1	-1
32	1	10	4	1	41	-1	天马	Ride2_13	#G	35	85	1	0	0	43132	43229	43326	-1	43423	43520	43617	43714	47737	-1	-1
33	1	10	4	1	42	-1	兔子	Ride2_9	#G	36	80	0	0	0	43133	43230	43327	-1	43424	43521	43618	43715	47739	-1	-1
34	1	10	4	1	43	-1	舞狮	Ride2_14	#G	37	80	0	0	0	43134	43231	43328	-1	43425	43522	43619	43716	47742	-1	-1
35	1	10	4	1	44	-1	驯鹿	Ride2_10	#G	38	80	0	0	0	43135	43232	43329	-1	43426	43523	43620	43717	47753	-1	-1
36	2	10	4	0	51	-1	大象（没加脚本啊）	RideHeader2_5	#r#G召唤后可邀请同伴一同乘骑。	24	80	0	0	0	43136	43233	43330	-1	43427	43524	43621	43718	47745	-1	-1
37	2	10	4	0	52	-1	犀牛（没加脚本啊）	RideHeader2_15	#r#G召唤后可邀请同伴一同乘骑。	29	80	0	0	0	43137	43234	43331	-1	43428	43525	43622	43719	48118	-1	-1
38	2	10	4	0	54	-1	玄龟（没加脚本啊）	RideHeader2_12	#r#G召唤后可邀请同伴一同乘骑。	31	80	0	0	0	43138	43235	43332	-1	43429	43526	43623	43720	47749	-1	-1
39	1	10	4	0	55	-1	陆吾（没加脚本啊）	RideHeader2_10	#G	26	80	0	0	0	43139	43236	43333	-1	43430	43527	43624	43721	47707	-1	-1
40	1	10	4	0	56	-1	木牛流马（没加脚本啊）	RideHeader2_13	#G	27	80	0	0	0	43140	43237	43334	-1	43431	43528	43625	43722	47714	-1	-1
41	1	10	4	0	58	-1	符文骑士（没加脚本啊）	RideHeader2_14	#G	32	80	0	0	0	43141	43238	43335	-1	43432	43529	43626	43723	47672	-1	-1
42	1	10	4	0	59	-1	鸵鸟（没加脚本啊）	RideHeader2_11	#G	28	80	0	0	0	43142	43239	43336	-1	43433	43530	43627	43724	47740	-1	-1
43	1	10	4	1	60	-1	雪羽	Ride2_12	#G	39	80	0	0	0	43143	43240	43337	-1	43434	43531	43628	43725	47738	-1	-1
44	2	10	4	1	63	-1	大风	RideHeader2_7	#r#G召唤后可邀请同伴一同乘骑。	41	70	0	0	0	43144	43241	43338	-1	43435	43532	43629	43726	47666	-1	-1
45	1	10	4	1	66	-1	黄巾力士	RideHeader2_16	#G	40	80	0	0	0	43145	43242	43339	-1	43436	43533	43630	43727	47689	-1	-1
46	2	10	4	1	69	-1	雪橇	Ride2_3	#r#G召唤后可邀请同伴一同乘骑。	42	80	1	0	0	43146	43243	43340	-1	43437	43534	43631	43728	47752	-1	-1
47	2	10	4	1	72	-1	紫电	Ride2_4	#r#G召唤后可邀请同伴一同乘骑。	43	85	1	0	1	43147	43244	43341	-1	43438	43535	43632	43729	47762	-1	-1
48	1	10	4	1	75	-1	冥羽	Ride2_16	#G	44	80	0	0	0	43148	43245	43342	-1	43439	43536	43633	43730	47735	-1	-1
49	1	10	4	1	84	-1	如意熊	RideHeader2_8	#G	45	80	0	0	0	43149	43246	43343	-1	43440	43537	43634	43731	47727	-1	-1
50	1	10	4	1	88	-1	碧水金睛兽	Ride2_5	#G	46	80	0	0	0	43150	43247	43344	-1	43441	43538	43635	43732	47653	-1	-1
51	1	10	4	1	95	-1	年兽	Ride2_6	#G	48	80	0	0	0	43151	43248	43345	-1	43442	43539	43636	43733	47715	-1	-1
52	2	10	4	1	98	-1	花车	Ride2_7	#r#G召唤后可邀请同伴一同乘骑。	49	70	0	0	0	43152	43249	43346	-1	43443	43540	43637	43734	47682	-1	-1
53	2	10	4	1	101	-1	旋转木马	Ride2_8	#r#G召唤后可邀请同伴一同乘骑。	47	70	0	0	0	43153	43250	43347	-1	43444	43541	43638	43735	47750	-1	-1
54	1	10	4	1	109	-1	白云	RideHeader3_1	#G	50	80	0	0	0	43154	43251	43348	-1	43445	43542	43639	43736	47652	-1	-1
55	1	10	4	1	113	-1	黑土	RideHeader3_2	#G	51	80	0	0	0	43155	43252	43349	-1	43446	43543	43640	43737	47678	-1	-1
56	1	10	4	1	119	-1	巨猿	RideHeader3_3	#G	52	80	0	0	0	43156	43253	43350	-1	43447	43544	43641	43738	47690	-1	-1
57	1	80	4	1	124	4	琉璃凤	RideHeader3_5	#r#G仅峨嵋门派可召唤。	54	75	0	0	0	43157	43254	43351	-1	43448	43545	43642	43739	47702	-1	-1
58	1	80	4	1	128	2	银月狼	RideHeader3_8	#r#G仅丐帮门派可召唤。	57	75	0	0	0	43158	43255	43352	-1	43449	43546	43643	43740	47758	-1	-1
59	1	80	4	1	132	1	烈焰狮	RideHeader3_12	#r#G仅明教门派可召唤。	61	75	0	0	0	43159	43256	43353	-1	43450	43547	43644	43741	47695	-1	-1
60	1	80	4	1	136	0	如意虎	RideHeader3_7	#r#G仅少林门派可召唤。	56	75	0	0	0	43160	43257	43354	-1	43451	43548	43645	43742	47726	-1	-1
61	1	80	4	1	140	6	龙血马	RideHeader3_10	#r#G仅天龙门派可召唤。	59	75	0	0	0	43161	43258	43355	-1	43452	43549	43646	43743	47704	-1	-1
62	1	80	4	1	144	7	鹜影雕	RideHeader3_4	#r#G仅天山门派可召唤。	53	75	0	0	0	43162	43259	43356	-1	43453	43550	43647	43744	47743	-1	-1
63	1	80	4	1	148	3	瑞莲鹤	RideHeader3_6	#r#G仅武当门派可召唤。	55	75	0	0	0	43163	43260	43357	-1	43454	43551	43648	43745	47728	-1	-1
64	1	80	4	1	152	8	七彩鹿	RideHeader3_9	#r#G仅逍遥门派可召唤。	58	75	0	0	0	43164	43261	43358	-1	43455	43552	43649	43746	47718	-1	-1
65	1	80	4	1	156	5	青牦牛	RideHeader3_11	#r#G仅星宿门派可召唤。	60	75	0	0	0	43165	43262	43359	-1	43456	43553	43650	43747	47723	-1	-1
66	1	1	4	1	161	-1	幻羽	RideHeader3_13	#G	62	80	0	0	0	43166	43263	43360	-1	43457	43554	43651	43748	47764	-1	-1
67	1	10	4	1	166	-1	闪电貂	RideHeader3_14	#G	63	80	0	0	0	43167	43264	43361	-1	43458	43555	43652	43749	47729	-1	-1
68	1	10	4	1	170	-1	蝶羽	RideHeader3_15	#G	64	80	0	0	0	43168	43265	43362	-1	43459	43556	43653	43750	47663	-1	-1
69	1	10	4	0	175	-1	陆吾（台湾）	RideHeader2_10	#G	26	80	0	0	0	43169	43266	43363	-1	43460	43557	43654	43751	47708	-1	-1
70	1	10	4	1	185	-1	巴天虎	RideHeader3_16	#G	65	80	0	0	0	43170	43267	43364	-1	43461	43558	43655	43752	47642	-1	-1
71	2	10	4	1	189	-1	飞龙椅	RideHeader4_4	#r#G召唤后可邀请同伴一同乘骑。	69	80	1	0	0	43171	43268	43365	-1	43462	43559	43656	43753	47667	-1	-1
72	1	40	4	0	191	10	羚羊	RideHeader4_1	#G	66	40	0	0	0	43172	43269	43366	-1	43463	43560	43657	43754	47700	-1	-1
73	1	60	4	0	192	10	雪羚羊	RideHeader4_2	#G	67	70	0	0	0	43173	43270	43367	-1	43464	43561	43658	43755	47751	-1	-1
74	1	80	4	0	193	10	幽光羚	RideHeader4_3	#G	68	75	0	0	0	43174	43271	43368	-1	43465	43562	43659	43756	47759	-1	-1
75	1	1	4	1	199	-1	火焰貂	RideHeader4_5	#G	70	80	0	0	0	43175	43272	43369	-1	43466	43563	43660	43757	47685	-1	-1
76	1	10	4	1	200	-1	熊猫	RideHeader4_6	#G	71	80	0	0	0	43176	43273	43370	-1	43467	43564	43661	43758	47748	-1	-1
77	1	10	4	1	203	-1	雷刃兽	RideHeader4_7	#G	72	80	0	0	0	43177	43274	43371	-1	43468	43565	43662	43759	47694	-1	-1
78	1	10	4	1	206	-1	赤魅鹰	RideHeader4_8	#G	73	70	0	0	0	43178	43275	43372	-1	43469	43566	43663	43760	47656	-1	-1
79	1	10	4	1	210	-1	暗魅鹰	RideHeader4_9	#G	74	70	0	0	0	43179	43276	43373	-1	43470	43567	43664	43761	47641	-1	-1
80	1	10	4	1	214	-1	紫魅鹰	RideHeader4_10	#G	75	70	0	0	0	43180	43277	43374	-1	43471	43568	43665	43762	47763	-1	-1
81	1	10	4	1	215	-1	江南锁甲马	RideHeader5_1	#G	82	80	0	0	0	43181	43278	43375	-1	43472	43569	43666	43763	47687	-1	-1
82	1	10	4	1	216	-1	大漠金戈马	RideHeader5_2	#G	83	80	0	0	0	43182	43279	43376	-1	43473	43570	43667	43764	47660	-1	-1
83	1	10	4	1	217	-1	赤麟白泽	RideHeader5_12	#G	77	80	0	0	0	43183	43280	43377	-1	43474	43571	43668	43765	47655	-1	-1
84	1	10	4	1	218	-1	青麟白泽	RideHeader5_13	#G	76	80	0	0	0	43184	43281	43378	-1	43475	43572	43669	43766	47722	-1	-1
85	1	10	4	1	219	-1	天河灵鹊	RideHeader6_14	#G	172	80	0	0	0	43185	43282	43379	-1	43476	43573	43670	43767	47736	-1	-1
86	1	10	4	1	220	-1	黑天马	RideHeader6_16	#G	79	85	1	0	1	43186	43283	43380	-1	43477	43574	43671	43768	47677	-1	-1
87	1	10	4	1	221	-1	云霄羽翼	RideHeader8_8	#G	80	85	1	0	0	43187	43284	43381	-1	43478	43575	43672	43769	47761	-1	-1
88	1	10	4	1	222	-1	梦灵仙驹	RideHeader9_5	#G	81	85	1	0	1	43188	43285	43382	-1	43479	43576	43673	43770	47713	-1	-1
89	1	10	4	1	223	-1	绝地	RideHeader4_11	#G	84	80	0	0	0	43189	43286	43383	-1	43480	43577	43674	43771	47691	-1	-1
90	1	10	4	1	224	-1	憨宝熊	RideHeader9_11	#G	78	80	0	0	0	43190	43287	43384	-1	43481	43578	43675	43772	47674	-1	-1
91	1	10	4	1	225	-1	蹑景	RideHeader4_12	#G	85	80	1	0	0	43191	43288	43385	-1	43482	43579	43676	43773	47716	-1	-1
92	1	10	4	1	226	-1	蹑景·典藏	RideHeader4_12	#r#G在我的坐骑界面右键点击即可原样取出。	85	80	1	10141945	1	43192	43289	43386	-1	43483	43580	43677	43774	47717	-1	-1
93	1	10	4	1	227	-1	六合舆	RideHeader4_13	#G	86	80	0	0	0	43193	43290	43387	-1	43484	43581	43678	43775	47703	-1	-1
94	2	10	4	1	228	-1	渡情	RideHeader4_14	#r#G召唤后可邀请同伴一同乘骑。	87	80	1	0	1	43194	43291	43388	-1	43485	43582	43679	43776	47664	-1	-1
95	1	10	4	0	229	-1	凌霄	RideHeader5_13	#G	89	80	0	0	0	43195	43292	43389	-1	43486	43583	43680	43777	47698	-1	-1
96	1	10	4	1	230	-1	垂云翼	CircularTaskTool90_3	#G	91	80	0	0	0	43196	43293	43390	-1	43487	43584	43681	43778	47659	-1	-1
97	1	10	4	1	231	-1	红熊王	RideHeader4_15	#G	88	80	0	0	1	43197	43294	43391	-1	43488	43585	43682	43779	47680	-1	-1
98	1	10	4	1	232	-1	圣诞驯鹿	CircularTaskTool90_13	#G	92	80	0	0	0	43780	43781	43782	-1	43783	43784	43785	43786	47731	-1	-1
99	1	10	4	1	233	-1	清客摇	RideHeader4_16	#G	93	80	0	0	0	43813	43814	43815	-1	43816	43817	43818	43819	47725	-1	-1
100	1	10	4	1	234	-1	凤凰座	RideHeader10_1	#G	94	85	1	0	1	43886	43887	43888	-1	43889	43890	43891	43892	47669	-1	-1
101	1	10	4	1	235	-1	翎月椅	RideHeader10_2	#G	95	80	0	0	0	44185	44186	44187	-1	44188	44189	44190	44191	47699	-1	-1
102	1	10	4	1	236	-1	雁门风华	RideHeader10_3	#G	96	80	0	0	0	44582	44583	44584	-1	44585	44586	44587	44588	47754	-1	-1
103	2	10	4	1	237	-1	银汉浮梁	RideHeader10_5	#r#G召唤后可邀请同伴一同乘骑。	97	80	1	0	1	44609	44610	44611	-1	44612	44613	44614	44615	47757	-1	-1
104	1	40	4	1	11	10	灵鹄	RideHeader10_6	#r#G仅曼陀山庄可召唤。	99	40	0	0	0	44739	44740	44741	-1	44742	44743	44744	44745	47697	-1	-1
105	1	60	4	1	23	10	衔月鹄	RideHeader10_8	#r#G仅曼陀山庄可召唤。	100	70	0	0	0	44747	44748	44749	-1	44750	44751	44752	44753	47744	-1	-1
106	1	80	4	1	157	10	问情鹄	RideHeader10_7	#r#G仅曼陀山庄可召唤。	101	75	0	0	0	44758	44759	44760	-1	44761	44762	44763	44764	47741	-1	-1
107	2	10	4	1	238	-1	寄居蟹	RideHeader10_9	#r#G召唤后可邀请同伴一同乘骑。	102	70	0	0	0	45188	45189	45190	-1	45191	45192	45193	45194	47686	-1	-1
108	1	10	4	1	239	-1	昆仑雪猿	RideHeader10_10	#G	103	80	0	0	1	45211	45212	45213	-1	45214	45215	45216	45217	47693	-1	-1
109	1	10	4	1	240	-1	烈焰追风	RideHeader10_11	#G	104	80	0	0	0	45234	45235	45236	-1	45237	45238	45239	45240	47696	-1	-1
110	2	10	4	1	241	-1	霸世羽龙	RideHeader6_6	#r#G召唤后可邀请同伴一同乘骑。	109	85	1	0	1	45285	45286	45287	-1	45288	45289	45290	45291	47643	-1	-1
111	2	10	4	1	242	-1	青翼战龙	RideHeader6_7	#r#G召唤后可邀请同伴一同乘骑。	107	85	1	0	1	45308	45309	45310	-1	45311	45312	45313	45314	47724	-1	-1
112	2	10	4	1	243	-1	绝云焱龙	RideHeader6_8	#r#G召唤后可邀请同伴一同乘骑。	105	85	1	0	1	45331	45332	45333	-1	45334	45335	45336	45337	47692	-1	-1
113	1	10	4	1	244	-1	圣夜巡礼花车	RideHeader10_12	#G	111	80	0	0	0	45355	45356	45357	-1	45358	45359	45360	45361	47730	-1	-1
114	1	10	4	1	245	-1	小虎嗷呜	RideHeader10_13	#G	112	85	1	0	0	45440	45441	45442	-1	45443	45444	45445	45446	47746	-1	-1
115	1	10	4	1	246	-1	拾光恋羽	RideHeader10_15	#G	114	85	1	0	1	45476	45477	45478	-1	45479	45480	45481	45482	47733	-1	-1
116	1	10	4	1	247	-1	扶摇万里	RideHeader10_14	#G	115	85	1	0	1	45501	45502	45503	-1	45504	45505	45506	45507	47671	-1	-1
117	1	10	4	1	248	-1	玉蝶乘绡	RideHeader10_16	#G	116	80	0	0	0	45582	45583	45584	-1	45585	45586	45587	45588	47760	-1	-1
118	1	10	4	1	249	-1	羊驼	RideHeader7_2	#G	173	80	0	0	0	5731	5732	5733	-1	5734	5735	5736	5737	47755	-1	-1
119	1	10	4	1	250	-1	凤栖云台	RideHeader7_7	#G	118	80	0	0	0	45830	45831	45832	-1	45833	45834	45835	45836	47670	-1	-1
120	1	10	4	1	251	-1	流霜灵驹	RideHeader7_6	#G	117	80	0	0	0	45853	45854	45855	-1	45856	45857	45858	45859	47701	-1	-1
121	1	10	4	1	252	-1	彩凤呈祥	RideHeader7_8	#G	119	85	1	0	1	46332	46333	46334	-1	46335	46336	46337	46338	47654	-1	-1
122	1	10	4	1	253	-1	飞凰引梦	RideHeader7_9	#G	120	85	1	0	1	46355	46356	46357	-1	46358	46359	46360	46361	47665	-1	-1
123	1	10	4	1	254	-1	赤影	RideHeader11_2	#G	121	80	0	0	0	46384	46385	46386	-1	46387	46388	46389	46390	47658	-1	-1
124	1	10	4	1	255	-1	绮梦蝶	RideHeader11_1	#G	122	80	0	0	0	46409	46410	46411	-1	46412	46413	46414	46415	47719	-1	-1
125	1	10	4	1	256	-1	赤兔	RideHeader11_3	#G	123	80	0	0	1	47329	47330	47331	-1	47332	47333	47334	47335	47657	-1	-1
126	2	10	4	1	257	-1	幽夜	RideHeader7_10	#r#G召唤后可邀请同伴一同乘骑。	124	80	0	0	0	46439	46440	46441	-1	46442	46443	46444	46445	47765	-1	-1
127	1	10	4	1	258	-1	封霜仙客	RideHeader11_4	#G	125	80	0	0	0	46463	46464	46465	-1	46466	46467	46468	46469	47668	-1	-1
128	1	10	4	1	259	-1	夜霞赤羽	RideHeader7_11	#G	126	85	1	0	1	46488	46489	46490	-1	46491	46492	46493	46494	47756	-1	-1
129	1	10	4	1	260	-1	曙光荧翼	RideHeader7_12	#G	127	85	1	0	1	39614	39615	39616	-1	39617	39618	39619	39620	47734	-1	-1
130	1	10	4	1	261	-1	海波晏	RideHeader11_5	#G	128	80	0	0	0	47595	47596	47597	-1	47598	47599	47600	47601	47673	-1	-1
131	1	10	4	1	262	-1	飞凰羽翼	RideHeader9_16	#G	129	80	1	0	0	47634	47635	47636	-1	47637	47638	47639	47640	47661	-1	-1
132	1	10	4	1	263	-1	天乌骓·泣血	CircularTaskTool62_11	#r#G在我的坐骑界面右键点击即可原样取出。	174	90	2	10142536	1	47784	47785	47786	-1	47787	47788	47789	47790	47791	-1	-1
133	1	10	4	1	264	-1	天乌骓·流光	CircularTaskTool62_12	#r#G在我的坐骑界面右键点击即可原样取出。	175	90	2	10142554	1	47810	47811	47812	-1	47813	47814	47815	47816	47817	-1	-1
134	1	10	4	1	265	-1	天乌骓·破浪	CircularTaskTool62_15	#r#G在我的坐骑界面右键点击即可原样取出。	176	90	2	10142572	1	47836	47837	47838	-1	47839	47840	47841	47842	47843	-1	-1
135	1	10	4	1	266	-1	天乌骓·裂影	CircularTaskTool62_16	#r#G在我的坐骑界面右键点击即可原样取出。	177	90	2	10142590	1	47862	47863	47864	-1	47865	47866	47867	47868	47869	-1	-1
136	1	10	4	1	271	-1	乌骓	CircularTaskTool62_13	#G	178	80	0	0	1	47992	47993	47994	-1	47995	47996	47997	47998	47999	-1	-1
137	1	10	4	0	272	-1	踏焰山尊	RideHeader4_12	#G	130	80	1	0	0	12172	12173	12174	-1	12175	12176	12177	12178	12179	-1	-1
138	1	10	4	0	273	-1	踏焰山尊·典藏	RideHeader4_12	#r#G在我的坐骑界面右键点击即可原样取出。	130	80	1	10142501	1	12180	12181	12182	-1	12183	12184	12185	12186	12187	-1	-1
139	1	10	4	1	274	-1	苍山寒梦	RideHeader11_6	#G	131	80	0	0	0	48158	48159	48160	-1	48161	48162	48163	48164	48165	-1	-1
140	1	10	4	0	275	-1	驼铃声声	RideHeader7_13	#G	132	80	0	0	0	48204	48205	48206	-1	48207	48208	48209	48210	48211	-1	-1
141	1	10	4	1	276	-1	七彩祥云	RideHeader7_14	#G	133	85	1	0	1	48526	48527	48528	-1	48529	48530	48531	48532	48533	-1	-1
142	1	10	4	1	277	-1	筋斗云	RideHeader7_15	#G	134	85	1	0	1	48567	48568	48569	-1	48570	48571	48572	48573	48574	-1	-1
143	1	10	4	1	278	-1	玉团团	RideHeader7_16	#G	180	80	0	0	0	49299	49300	49301	-1	49302	49303	49304	49305	49306	-1	-1
144	2	10	4	1	279	-1	扶摇苍龙	RideHeader11_9	#r#G召唤后可邀请同伴一同乘骑。	185	85	1	0	1	49367	49368	49369	-1	49370	49371	49372	49373	49374	-1	-1
145	2	10	4	1	280	-1	千峰应龙	RideHeader11_8	#r#G召唤后可邀请同伴一同乘骑。	183	85	1	0	1	49393	49394	49395	-1	49396	49397	49398	49399	49400	-1	-1
146	2	10	4	1	281	-1	北冥玄龙	RideHeader11_7	#r#G召唤后可邀请同伴一同乘骑。	181	85	1	0	1	49419	49420	49421	-1	49422	49423	49424	49425	49426	-1	-1
147	1	40	4	1	282	11	猞猁	RideHeader11_10	#r#G仅恶人谷可召唤。	187	40	0	0	0	5739	5740	5741	-1	5742	5743	5744	5745	5765	-1	-1
148	1	60	4	1	283	11	闪电猞	RideHeader11_11	#r#G仅恶人谷可召唤。	188	70	0	0	0	5747	5748	5749	-1	5750	5751	5752	5753	5766	-1	-1
149	1	80	4	1	284	11	降魔猞	RideHeader11_12	#r#G仅恶人谷可召唤。	189	75	0	0	0	5758	5759	5760	-1	5761	5762	5763	5764	5767	-1	-1
150	1	10	4	1	285	-1	墨玉麒麟	RideHeader11_13	#G	190	80	0	0	1	49518	49519	49520	-1	49521	49522	49523	49524	49525	-1	-1
151	1	10	4	1	286	-1	阿拉斯基	RideHeader11_14	#G	191	85	1	0	0	5786	5787	5788	-1	5789	5790	5791	5792	5793	-1	-1
152	1	10	4	1	287	-1	朔影天狼	RideHeader11_16	#G	193	85	1	0	1	5812	5813	5814	-1	5815	5816	5817	5818	5819	-1	-1
153	1	10	4	1	288	-1	啸月天狼	RideHeader11_15	#G	192	85	1	0	1	5838	5839	5840	-1	5841	5842	5843	5844	5845	-1	-1
154	1	10	4	1	289	-1	喵团团	RideHeader12_1	#G	194	85	1	0	0	50783	50784	50785	-1	50786	50787	50788	50789	50790	-1	-1
155	1	10	4	1	291	-1	大风·震	RideHeader12_5	#r#G在我的坐骑界面右键点击即可原样取出。	195	90	2	10142928	1	50866	50867	50868	-1	50869	50870	50871	50872	50873	-1	-1
156	1	10	4	1	292	-1	大风·离	RideHeader12_2	#r#G在我的坐骑界面右键点击即可原样取出。	197	90	2	10142929	1	50892	50893	50894	-1	50895	50896	50897	50898	50899	-1	-1
157	1	10	4	1	293	-1	大风·坎	RideHeader12_4	#r#G在我的坐骑界面右键点击即可原样取出。	196	90	2	10142930	1	50918	50919	50920	0	50921	50922	50923	50924	50925	-1	-1
158	1	10	4	1	294	-1	大风·乾	RideHeader12_3	#r#G在我的坐骑界面右键点击即可原样取出。	198	90	2	10142931	1	50944	50945	50946	1	50947	50948	50949	50950	50951	-1	-1
159	1	10	4	1	290	-1	长风	RideHeader12_6	#G	199	80	0	0	1	50970	50971	50972	2	50973	50974	50975	50976	50977	-1	-1
160	1	10	4	1	295	-1	盛夏好梦	RideHeader12_8	#G	200	85	1	0	0	51831	51832	51833	-1	51834	51835	51836	51837	51838	-1	-1
161	1	10	4	1	296	-1	龙骧	RideHeader12_7	#G	201	80	1	0	0	52067	52068	52069	-1	52070	52071	52072	52073	52074	-1	-1
162	1	10	4	1	297	-1	龙骧·典藏	RideHeader12_7	#r#G在我的坐骑界面右键点击即可原样取出。	201	80	1	10142984	1	52091	52092	52093	-1	52094	52095	52096	52097	52098	-1	-1
163	2	10	4	1	298	-1	绘影墨龙	RideHeader12_11	#r#G召唤后可邀请同伴一同乘骑。	209	85	1	0	1	52186	52187	52188	-1	52189	52190	52191	52192	52193	-1	-1
164	2	10	4	1	299	-1	玉霄云龙	RideHeader12_10	#r#G召唤后可邀请同伴一同乘骑。	207	85	1	0	1	52210	52211	52212	-1	52213	52214	52215	52216	52217	-1	-1
165	2	10	4	1	300	-1	归墟神龙	RideHeader12_9	#r#G召唤后可邀请同伴一同乘骑。	205	85	1	0	1	52234	52235	52236	-1	52237	52238	52239	52240	52241	-1	-1
166	1	10	4	1	301	-1	掠千峰	RideHeader12_12	#G	203	85	1	0	1	52138	52139	52140	-1	52141	52142	52143	52144	52168	-1	-1
167	1	10	4	1	302	-1	惊流云	RideHeader12_13	#G	204	85	1	0	1	52161	52162	52163	-1	52164	52165	52166	52167	52169	-1	-1
168	1	10	4	1	303	-1	昭华金乌	RideHeader12_14	#G	211	80	0	0	1	52371	52372	52373	-1	52374	52375	52376	52377	52378	-1	-1
																									
																									
169	1	10	4	1	219	-1	火云邪兽	JD_RideHeader4_12	#G	2077	80	0	0	0	53001	53002	53003	-1	53004	53005	53006	53007	53008	-1	-1
170	1	10	4	1	223	-1	玄天雷兽	JD_RideHeader4_13	#G	2078	80	0	0	0	53009	53010	53011	-1	53012	53013	53014	53015	53016	-1	-1
171	1	10	4	1	227	-1	枯木傀儡	JD_RideHeader4_11	#G	2076	80	0	0	0	53017	53018	53019	-1	53020	53021	53022	53023	53024	-1	-1
172	3	10	4	1	231	-1	九州神龙	JD_RideHeader4_14	#r#G#G召唤后可邀请同伴一同乘骑。	2079	70	0	0	0	53025	53026	53027	-1	53028	53029	53030	53031	53032	-1	-1
173	1	10	4	1	232	-1	月兔	JD_RideHeader4_15	#G	2080	80	0	0	0	53033	53034	53035	-1	53036	53037	53038	53039	53040	-1	-1
174	1	10	4	1	257	-1	陆行鸟	JD_RideHeader5_8	#G	2088	80	0	0	0	53041	53042	53043	-1	53044	53045	53046	53047	53048	-1	-1
175	1	10	4	1	261	-1	烟雨清荷	JD_RideHeader5_3	#r#G召唤后可在天空中飞行。#G点击Ctrl+鼠标左键可以控制飞行坐骑的起飞降落。	2083	80	0	0	0	53049	53050	53051	-1	53052	53053	53054	53055	53056	-1	-1
176	1	10	4	1	265	-1	幻火赤麟兽	JD_RideHeader5_5	#G	2084	80	0	0	0	53057	53058	53059	-1	53060	53061	53062	53063	53064	-1	-1
177	1	10	4	1	269	-1	天工玲珑鼠	JD_RideHeader5_7	#G	2087	80	0	0	0	53065	53066	53067	-1	53068	53069	53070	53071	53072	-1	-1
178	1	10	4	1	273	-1	添福锦鳞	JD_RideHeader5_6	#G	2086	80	1	0	0	53073	53074	53075	-1	53076	53077	53078	53079	53080	-1	-1
179	1	10	4	0	277	-1	炙足鬼马	JD_RideHeader5_4	#G	2085	80	0	0	0	53081	53082	53083	-1	53084	53085	53086	53087	53088	-1	-1
180	1	10	4	1	284	-1	金麟舞狮	JD_RideHeader5_9	#G	2089	80	0	0	0	53089	53090	53091	-1	53092	53093	53094	53095	53096	-1	-1
181	1	10	4	1	289	-1	金翼龙兽	JD_RideHeader5_14	#r#G召唤后可在天空中飞行。#G点击Ctrl+鼠标左键可以控制飞行坐骑的起飞降落。	2094	80	0	0	0	53097	53098	53099	-1	53100	53101	53102	53103	53104	-1	-1
182	2	10	4	1	291	-1	七宝莲座	JD_RideHeader5_11	#r#G#G召唤后可邀请同伴一同乘骑。	2091	70	0	0	0	53105	53106	53107	-1	53108	53109	53110	53111	53112	-1	-1
183	1	10	4	1	307	-1	熔岩魔犀	JD_RideHeader6_2	#G	2098	80	1	0	0	53113	53114	53115	-1	53116	53117	53118	53119	53120	-1	-1
184	2	10	4	1	308	-1	四喜送鲤台	JD_RideHeader6_3	#r#G#G召唤后可邀请同伴一同乘骑。	2099	80	1	0	0	53121	53122	53123	-1	53124	53125	53126	53127	53128	-1	-1
185	1	10	4	1	309	-1	月白龙马	JD_RideHeader6_4	#G	2100	80	1	0	0	53129	53130	53131	-1	53132	53133	53134	53135	53136	-1	-1
186	3	10	4	0	310	-1	翡翠御驾	JD_RideHeader6_1	#r#G#G召唤后可邀请同伴一同乘骑。	2096	70	0	0	0	53137	53138	53139	-1	53140	53141	53142	53143	53144	-1	-1
187	1	10	4	0	333	-1	蓝翼龙兽	JD_RideHeader5_15	#r#G召唤后可在天空中飞行。#G点击Ctrl+鼠标左键可以控制飞行坐骑的起飞降落。	2153	80	0	0	0	53145	53146	53147	-1	53148	53149	53150	53151	53152	-1	-1
188	1	10	4	1	337	-1	青翼龙兽	JD_RideHeader5_16	#r#G召唤后可在天空中飞行。#G点击Ctrl+鼠标左键可以控制飞行坐骑的起飞降落。	2154	80	0	0	0	53153	53154	53155	-1	53156	53157	53158	53159	53160	-1	-1
189	1	10	4	1	346	-1	傲雪灵狮	JD_RideHeader6_5	#G	2157	80	0	0	0	53161	53162	53163	-1	53164	53165	53166	53167	53168	-1	-1
190	1	10	4	1	365	-1	福瑞雪貂	JD_RideHeader6_9	#G	2164	80	0	0	0	53169	53170	53171	-1	53172	53173	53174	53175	53176	-1	-1
191	2	10	4	1	374	-1	红梅软驾	JD_RideHeader6_10	#r#G#G召唤后可邀请同伴一同乘骑。	2165	80	0	0	0	53177	53178	53179	-1	53180	53181	53182	53183	53184	-1	-1
192	1	10	4	1	379	-1	金羽	JD_ThaiIcons1_7	#G	2166	80	0	0	0	53185	53186	53187	-1	53188	53189	53190	53191	53192	-1	-1
193	1	10	4	1	382	-1	冥邪兽	JD_RideHeader4_16	#G	2167	80	0	0	0	53193	53194	53195	-1	53196	53197	53198	53199	53200	-1	-1
194	1	10	4	1	383	-1	烈火金刚	JD_RideHeader6_11	#G	2168	80	0	0	0	53201	53202	53203	-1	53204	53205	53206	53207	53208	-1	-1
195	1	10	4	1	389	-1	赤霄炎狼	JD_RideHeader6_12	#G	2169	80	0	0	0	53209	53210	53211	-1	53212	53213	53214	53215	53216	-1	-1
196	1	10	4	1	398	-1	魅羽	JD_RideHeader6_13	#G	2171	80	0	0	0	53217	53218	53219	-1	53220	53221	53222	53223	53224	-1	-1
197	1	10	4	1	412	-1	云水金睛兽	JD_RideHeader6_15	#G	2173	80	0	0	0	53225	53226	53227	-1	53228	53229	53230	53231	53232	-1	-1
198	1	10	4	1	415	-1	幽蓝海龙	JD_RideHeader7_2	#G	2176	80	0	0	0	53233	53234	53235	-1	53236	53237	53238	53239	53240	-1	-1
199	1	10	4	1	418	-1	玄彤海龙	JD_RideHeader7_1	#G	2175	80	0	0	0	53241	53242	53243	-1	53244	53245	53246	53247	53248	-1	-1
200	1	10	4	1	423	-1	暗炎开明兽	JD_RideHeader7_3	#G	2177	80	0	0	0	53249	53250	53251	-1	53252	53253	53254	53255	53256	-1	-1
201	1	10	4	1	428	-1	瑶光开明兽	JD_RideHeader7_4	#G	2178	80	0	0	0	53257	53258	53259	-1	53260	53261	53262	53263	53264	-1	-1
202	2	10	4	1	436	-1	星虹云舟	JD_RideHeader7_5	#r#G#G召唤后可邀请同伴一同乘骑。	2179	80	0	0	0	53265	53266	53267	-1	53268	53269	53270	53271	53272	-1	-1
203	1	10	4	1	441	-1	暗炎冥狮	JD_RideHeader7_6	#G	2180	80	0	0	0	53273	53274	53275	-1	53276	53277	53278	53279	53280	-1	-1
204	1	10	4	1	453	-1	虚空熊魂	JD_RideHeader7_8	#G	2181	80	0	0	0	53281	53282	53283	-1	53284	53285	53286	53287	53288	-1	-1
205	1	10	4	1	455	-1	祥云鹤	JD_RideHeader7_7	#G	2182	80	0	0	0	53289	53290	53291	-1	53292	53293	53294	53295	53296	-1	-1
206	1	40	4	1	462	11	金钱豹	JD_RideHeader7_9	#r#G仅唐门门派可召唤。	2183	40	0	0	0	53297	53298	53299	-1	53300	53301	53302	53303	53304	-1	-1
207	1	60	4	1	463	11	云雪豹	JD_RideHeader7_10	#r#G仅唐门门派可召唤。	2184	70	0	0	0	53305	53306	53307	-1	53308	53309	53310	53311	53312	-1	-1
208	1	80	4	1	464	11	幽冥豹	JD_RideHeader7_11	#r#G仅唐门门派可召唤。	2185	75	0	0	0	53313	53314	53315	-1	53316	53317	53318	53319	53320	-1	-1
209	1	10	4	1	471	-1	应龙幻魂	JD_RideHeader7_13	#G	2187	80	0	0	0	53321	53322	53323	-1	53324	53325	53326	53327	53328	-1	-1
210	1	10	4	1	476	-1	炎羽	JD_RideHeader7_12	#G	2186	80	0	0	0	53329	53330	53331	-1	53332	53333	53334	53335	53336	-1	-1
211	1	1	4	1	482	-1	黑玫瑰	JD_RideHeader7_14	#G	2188	20	0	0	0	53337	53338	53339	-1	53340	53341	53342	53343	53344	-1	-1
212	1	10	4	1	486	-1	绒雪神牛	JD_RideHeader7_15	#G	2189	80	0	0	0	53345	53346	53347	-1	53348	53349	53350	53351	53352	-1	-1
213	1	10	4	1	499	-1	沧海龙驹	JD_RideHeader8_1	#G	2190	80	0	0	0	53353	53354	53355	-1	53356	53357	53358	53359	53360	-1	-1
214	1	10	4	0	505	-1	百变金刚	JD_RideHeader8_2	#G	2191	80	0	-1	0	53361	53362	53363	-1	53364	53365	53366	53367	53368	-1	-1
215	2	10	4	1	511	-1	豆豆雪橇	JD_RideHeader7_16	#r#G#G召唤后可邀请同伴一同乘骑。	2192	80	0	-1	0	53369	53370	53371	-1	53372	53373	53374	53375	53376	-1	-1
216	2	10	4	1	521	-1	月马香驹	JD_RideHeader8_3	#r#G#G召唤后可邀请同伴一同乘骑。	2194	80	0	-1	0	53377	53378	53379	-1	53380	53381	53382	53383	53384	-1	-1
217	1	10	4	1	530	-1	赤炼驹	JD_RideHeader8_4	#G	2195	80	0	-1	0	53385	53386	53387	-1	53388	53389	53390	53391	53392	-1	-1
218	1	10	4	1	545	-1	碧甲玄龟	JD_RideHeader8_5	#G	2196	80	0	-1	0	53393	53394	53395	-1	53396	53397	53398	53399	53400	-1	-1
219	2	10	4	1	554	-1	星羽游龙	JD_RideHeader8_6	#r#G#G召唤后可邀请同伴一同乘骑。	2197	80	0	-1	0	53401	53402	53403	-1	53404	53405	53406	53407	53408	-1	-1
220	1	10	4	1	562	-1	沧澜羽翼	JD_RideHeader8_7	#G	2198	85	1	-1	0	53409	53410	53411	-1	53412	53413	53414	53415	53416	-1	-1
221	2	10	4	1	574	-1	团羊羊	JD_RideHeader8_9	#r#G#G召唤后可邀请同伴一同乘骑。	2200	80	0	-1	0	53417	53418	53419	-1	53420	53421	53422	53423	53424	-1	-1
222	1	10	4	1	582	-1	裂海魔龙	JD_RideHeader8_11	#G	2203	80	0	-1	0	53425	53426	53427	-1	53428	53429	53430	53431	53432	-1	-1
223	1	10	4	1	583	-1	灭世火凤	JD_RideHeader8_10	#G	2202	80	0	-1	0	53433	53434	53435	-1	53436	53437	53438	53439	53440	-1	-1
224	1	10	4	1	584	-1	摄灵蛊花	JD_RideHeader8_12	#G	2204	80	0	-1	0	53441	53442	53443	-1	53444	53445	53446	53447	53448	-1	-1
225	2	10	4	1	585	-1	云水青荷	JD_RideHeader8_13	#r#G#G召唤后可邀请同伴一同乘骑。	2201	80	0	-1	0	53449	53450	53451	-1	53452	53453	53454	53455	53456	-1	-1
226	1	10	4	1	592	-1	水碧飞鸢	JD_RideHeader8_14	#G	2205	80	1	-1	0	53457	53458	53459	-1	53460	53461	53462	53463	53464	-1	-1
227	1	10	4	1	595	-1	绛紫飞鸢	JD_RideHeader8_15	#G	2206	80	1	-1	0	53465	53466	53467	-1	53468	53469	53470	53471	53472	-1	-1
228	1	10	4	1	604	-1	钢鬃兽	JD_RideHeader8_16	#G	2207	80	0	-1	0	53473	53474	53475	-1	53476	53477	53478	53479	53480	-1	-1
229	1	10	4	1	617	-1	望月龙驹	JD_RideHeader9_2	#G	2209	80	0	-1	0	53481	53482	53483	-1	53484	53485	53486	53487	53488	-1	-1
230	1	10	4	1	618	-1	踏雪乌骓	JD_RideHeader9_3	#G	2210	80	0	-1	0	53489	53490	53491	-1	53492	53493	53494	53495	53496	-1	-1
231	2	10	4	1	620	-1	鬼马龙舟	JD_RideHeader9_1	#r#G#G召唤后可邀请同伴一同乘骑。	2208	80	0	-1	0	53497	53498	53499	-1	53500	53501	53502	53503	53504	-1	-1
232	1	10	4	1	637	-1	玉麟龙	JD_RideHeader9_4	#G	2211	80	0	-1	0	53505	53506	53507	-1	53508	53509	53510	53511	53512	-1	-1
233	1	10	4	1	678	-1	梦幻仙驹	JD_RideHeader9_6	#G	2213	80	1	-1	0	53513	53514	53515	-1	53516	53517	53518	53519	53520	-1	-1
234	2	10	4	1	691	-1	云鹄锦车	JD_RideHeader9_7	#r#G#G召唤后可邀请同伴一同乘骑。	2214	80	0	-1	0	53521	53522	53523	-1	53524	53525	53526	53527	53528	-1	-1
235	1	10	4	1	706	-1	碧水灵君	JD_RideHeader9_8	#G	2215	85	0	-1	0	53529	53530	53531	-1	53532	53533	53534	53535	53536	-1	-1
236	1	10	4	1	718	-1	紫玉灵猫	JD_RideHeader9_9	#G	2216	80	0	-1	0	53537	53538	53539	-1	53540	53541	53542	53543	53544	-1	-1
237	1	10	4	1	732	-1	素雪灵猫	JD_RideHeader9_10	#G	2217	80	0	-1	0	53545	53546	53547	-1	53548	53549	53550	53551	53552	-1	-1
238	1	10	4	1	786	-1	红薇梦椅	JD_RideHeader9_12	#G	2219	80	0	-1	0	53553	53554	53555	-1	53556	53557	53558	53559	53560	-1	-1
239	1	10	4	1	797	-1	灵薇梦椅	JD_RideHeader9_13	#G	2220	80	0	-1	0	53561	53562	53563	-1	53564	53565	53566	53567	53568	-1	-1
240	1	10	4	1	808	-1	琉璃雀羽	JD_RideHeader9_15	#G	2222	80	0	-1	0	53569	53570	53571	-1	53572	53573	53574	53575	53576	-1	-1
241	1	10	4	1	822	-1	灵巫雀羽	JD_RideHeader9_14	#G	2221	80	0	-1	0	53577	53578	53579	-1	53580	53581	53582	53583	53584	-1	-1
242	1	10	4	1	851	-1	喜庆熊猫	JD_RideHeader4_6	#G	2224	80	0	-1	0	53585	53586	53587	-1	53588	53589	53590	53591	53592	-1	-1
243	1	10	4	1	867	-1	地火离炎兽	JD_RideHeader10_1	#G	2225	80	0	-1	0	53593	53594	53595	-1	53596	53597	53598	53599	53600	-1	-1
244	1	10	4	1	883	-1	布丁甜心	JD_RideHeader10_2	#G	2226	80	0	-1	0	53601	53602	53603	-1	53604	53605	53606	53607	53608	-1	-1
245	1	40	4	1	885	12	灵狐	JD_RideHeader10_3	#r#G仅鬼谷门派可召唤。	2228	40	0	-1	0	53609	53610	53611	-1	53612	53613	53614	53615	53616	-1	-1
246	1	60	4	1	886	12	赤尾狐	JD_RideHeader10_4	#r#G仅鬼谷门派可召唤。	2229	70	0	-1	0	53617	53618	53619	-1	53620	53621	53622	53623	53624	-1	-1
247	1	80	4	1	887	12	玄天狐	JD_RideHeader10_5	#r#G仅鬼谷门派可召唤。	2230	75	0	-1	0	53625	53626	53627	-1	53628	53629	53630	53631	53632	-1	-1
248	1	10	4	1	905	-1	仿·玄天狐	JD_RideHeader10_5	#G	2230	75	0	-1	0	53633	53634	53635	-1	53636	53637	53638	53639	53640	-1	-1
249	1	10	4	1	911	-1	战天狼	JD_RideHeader10_6	#G	2231	80	0	-1	0	53641	53642	53643	-1	53644	53645	53646	53647	53648	-1	-1
250	2	10	4	1	927	-1	雪鹿橇	JD_RideHeader10_8	#r#G#G召唤后可邀请同伴一同乘骑。	2233	80	0	-1	0	53649	53650	53651	-1	53652	53653	53654	53655	53656	-1	-1
251	1	10	4	1	946	-1	福瑞锦龙	JD_RideHeader10_9	#G	2234	80	0	-1	0	53657	53658	53659	-1	53660	53661	53662	53663	53664	-1	-1
252	1	10	4	1	964	-1	岐首龙君	JD_RideHeader10_10	#r#G召唤后可在天空中飞行。#G点击Ctrl+鼠标左键可以控制飞行坐骑的起飞降落。	2235	85	0	-1	0	53665	53666	53667	-1	53668	53669	53670	53671	53672	-1	-1
253	1	10	4	1	980	-1	青霄	JD_RideHeader10_12	#G	2237	80	0	-1	0	53673	53674	53675	-1	53676	53677	53678	53679	53680	-1	-1
254	1	10	4	0	996	-1	云霞	JD_RideHeader10_11	#G	2238	80	0	-1	0	53681	53682	53683	-1	53684	53685	53686	53687	53688	-1	-1
255	2	10	4	1	1016	-1	玉雪青萍	JD_RideHeader10_13	#r#G#G召唤后可邀请同伴一同乘骑。	2239	80	0	-1	0	53689	53690	53691	-1	53692	53693	53694	53695	53696	-1	-1
256	1	10	4	1	1047	-1	极光羽翼	JD_RideHeader10_16	#G	2242	80	0	-1	0	53697	53698	53699	-1	53700	53701	53702	53703	53704	-1	-1
257	1	10	4	1	1066	-1	霜翎明王雀	JD_RideHeader11_1	#G	2243	80	0	-1	0	53705	53706	53707	-1	53708	53709	53710	53711	53712	-1	-1
258	1	10	4	1	1069	-1	长歌行	JD_RideHeader11_2	#G	2244	80	0	-1	0	53713	53714	53715	-1	53716	53717	53718	53719	53720	-1	-1
259	1	10	4	1	1085	-1	鹊歌锦羽	JD_RideHeader11_3	#G	2245	80	1	-1	0	53721	53722	53723	-1	53724	53725	53726	53727	53728	-1	-1
260	1	10	4	1	1101	-1	鹊暝墨羽	JD_RideHeader11_4	#G	2246	80	1	-1	0	53729	53730	53731	-1	53732	53733	53734	53735	53736	-1	-1
261	1	10	4	1	1118	-1	花月引	JD_RideHeader11_5	#G	2247	80	0	-1	0	53737	53738	53739	-1	53740	53741	53742	53743	53744	-1	-1
262	1	10	4	1	1135	-1	御锋行	JD_RideHeader11_6	#G	2248	85	1	-1	0	53745	53746	53747	-1	53748	53749	53750	53751	53752	-1	-1
263	2	10	4	1	1151	-1	栖凤歌	JD_RideHeader11_7	#r#G#G召唤后可邀请同伴一同乘骑。	2249	80	0	-1	0	53753	53754	53755	-1	53756	53757	53758	53759	53760	-1	-1
264	2	10	4	1	1170	-1	霞上仙	JD_RideHeader11_8	#r#G召唤后可在天空中飞行。#G点击Ctrl+鼠标左键可以控制飞行坐骑的起飞降落。#r#G召唤后可邀请同伴一同乘骑。	2250	80	1	-1	0	53761	53762	53763	-1	53764	53765	53766	53767	53768	-1	-1
265	1	40	4	1	1190	13	木鸢	JD_RideHeader11_9	#r#G仅桃花岛门派可召唤。	2252	40	0	-1	0	53769	53770	53771	-1	53772	53773	53774	53775	53776	-1	-1
266	1	60	4	1	1191	13	晴风鸢	JD_RideHeader11_10	#r#G仅桃花岛门派可召唤。	2253	70	0	-1	0	53777	53778	53779	-1	53780	53781	53782	53783	53784	-1	-1
267	1	80	4	1	1192	13	辞云鸢	JD_RideHeader11_11	#r#G仅桃花岛门派可召唤。	2254	75	0	-1	0	53785	53786	53787	-1	53788	53789	53790	53791	53792	-1	-1
268	1	10	4	1	1202	-1	乌夜兮游缰	JD_RideHeader11_13	#G	2257	85	1	-1	0	53793	53794	53795	-1	53796	53797	53798	53799	53800	-1	-1
269	1	10	4	1	1219	-1	水客乘鲤去	JD_RideHeader11_14	#G	2260	85	1	-1	0	53801	53802	53803	-1	53804	53805	53806	53807	53808	-1	-1
270	1	10	4	1	1236	-1	蔓萝纤	JD_RideHeader11_12	#G	2261	80	0	-1	0	53809	53810	53811	-1	53812	53813	53814	53815	53816	-1	-1
271	1	10	4	1	1268	-1	坠风莲	JD_RideHeader11_16	#G	2263	80	1	-1	0	53817	53818	53819	-1	53820	53821	53822	53823	53824	-1	-1
272	1	10	4	1	1284	-1	云水叠	JD_RideHeader12_1	#G	2264	80	1	-1	0	53825	53826	53827	-1	53828	53829	53830	53831	53832	-1	-1
273	1	10	4	1	1306	-1	照夜白	JD_RideHeader12_3	#r#G该坐骑仅可在汴京召唤，且骑乘速度不计入最高速度。	2265	125	0	-1	0	53833	53834	53835	-1	53836	53837	53838	53839	53840	-1	-1
274	1	10	4	1	1307	-1	香鬃乌	JD_RideHeader12_4	#r#G该坐骑仅可在汴京召唤，且骑乘速度不计入最高速度。	2266	125	0	-1	0	53841	53842	53843	-1	53844	53845	53846	53847	53848	-1	-1
275	1	10	4	1	1308	-1	金鞍映雪	JD_RideHeader12_2	#G	2267	80	0	-1	0	53849	53850	53851	-1	53852	53853	53854	53855	53856	-1	-1
276	1	10	4	1	1309	-1	碧海照玉阶	JD_RideHeader12_6	#G	2269	80	1	-1	0	53857	53858	53859	-1	53860	53861	53862	53863	53864	-1	-1
277	1	10	4	1	1310	-1	寒宫倚桂枝	JD_RideHeader12_7	#G	2270	80	1	-1	0	53865	53866	53867	-1	53868	53869	53870	53871	53872	-1	-1
278	1	10	4	1	1311	-1	与春归	JD_RideHeader12_8	#r#G召唤后可在天空中飞行。#G点击Ctrl+鼠标左键可以控制飞行坐骑的起飞降落。	2271	85	1	-1	0	53873	53874	53875	-1	53876	53877	53878	53879	53880	-1	-1
279	1	10	4	1	1312	-1	福魁狻猊	JD_RideHeader12_5	#G	2268	80	0	-1	0	53881	53882	53883	-1	53884	53885	53886	53887	53888	-1	-1
280	1	10	4	1	1313	-1	踏兰山	JD_RideHeader12_9	#G	2273	80	1	-1	0	53889	53890	53891	-1	53892	53893	53894	53895	53896	-1	-1
281	2	10	4	1	1314	-1	芳遥天坠	JD_RideHeader12_10	#r#G召唤后可在天空中飞行。#G点击Ctrl+鼠标左键可以控制飞行坐骑的起飞降落。#r#G召唤后可邀请同伴一同乘骑。	2274	80	1	-1	0	53897	53898	53899	-1	53900	53901	53902	53903	53904	-1	-1
282	1	10	4	1	1315	-1	玉枕兰舟	JD_RideHeader12_11	#G	2276	80	0	-1	0	53905	53906	53907	-1	53908	53909	53910	53911	53912	-1	-1
283	1	10	4	1	1316	-1	青荷易梦	JD_RideHeader12_12	#G	2277	80	0	-1	0	53913	53914	53915	-1	53916	53917	53918	53919	53920	-1	-1
284	1	40	4	1	1317	14	炎乌	JD_RideHeader12_13	#r#G仅绝情谷门派可召唤。	2278	40	0	-1	0	53921	53922	53923	-1	53924	53925	53926	53927	53928	-1	-1
285	1	80	4	1	1319	14	焰翎乌	JD_RideHeader12_14	#r#G仅绝情谷门派可召唤。	2280	75	0	-1	0	53929	53930	53931	-1	53932	53933	53934	53935	53936	-1	-1
286	1	60	4	1	1318	14	熔枫乌	JD_RideHeader12_15	#r#G仅绝情谷门派可召唤。	2279	70	0	-1	0	53937	53938	53939	-1	53940	53941	53942	53943	53944	-1	-1
287	1	10	4	1	1320	-1	暖茸茸	JD_RideHeader12_16	#G	2283	80	0	-1	0	53945	53946	53947	-1	53948	53949	53950	53951	53952	-1	-1
288	1	10	4	1	1321	-1	鲤灯游	JD_RideHeader13_1	#G	2284	80	0	-1	0	53953	53954	53955	-1	53956	53957	53958	53959	53960	-1	-1
289	2	10	4	1	1322	-1	邀月	JD_RideHeader13_4	#r#G召唤后可在天空中飞行。#G点击Ctrl+鼠标左键可以控制飞行坐骑的起飞降落。#r#G召唤后可邀请同伴一同乘骑。	2285	80	1	-1	0	53961	53962	53963	-1	53964	53965	53966	53967	53968	-1	-1
290	1	10	4	1	1323	-1	濯蓝之翼	JD_RideHeader13_3	#G	2287	80	1	-1	0	53969	53970	53971	-1	53972	53973	53974	53975	53976	-1	-1
291	1	10	4	1	1324	-1	纯白金翼	JD_RideHeader13_2	#G	2286	80	1	-1	0	53977	53978	53979	-1	53980	53981	53982	53983	53984	-1	-1
292	1	10	4	1	1327	-1	春风灼华	JD_RideHeader13_6	#G	2290	80	0	-1	0	53985	53986	53987	-1	53988	53989	53990	53991	53992	-1	-1
293	1	10	4	1	1328	-1	武陵故梦	JD_RideHeader13_5	#G	2289	80	0	-1	0	53993	53994	53995	-1	53996	53997	53998	53999	54000	-1	-1
294	1	10	4	1	1325	-1	幽竹乘风	JD_RideHeader13_7	#G	2291	80	0	-1	0	54001	54002	54003	-1	54004	54005	54006	54007	54008	-1	-1
295	1	10	4	1	1326	-1	扁舟梦蜀	JD_RideHeader13_8	#G	2292	80	0	-1	0	54009	54010	54011	-1	54012	54013	54014	54015	54016	-1	-1
296	1	10	4	1	1329	-1	重明玉凰	JD_RideHeader13_9	#r#G召唤后可在天空中飞行。#G点击Ctrl+鼠标左键可以控制飞行坐骑的起飞降落。#r#G若激活的坐骑为永久，可右键点击消耗5个解契令取回为可交易坐骑至背包。	2293	80	1	10146919	0	54017	54018	54019	-1	54020	54021	54022	54023	54024	-1	-1
297	1	10	4	1	1330	-1	苍澜元圣	JD_RideHeader13_10	#r#G召唤后可在天空中飞行。#G点击Ctrl+鼠标左键可以控制飞行坐骑的起飞降落。	2295	80	1	0	0	54025	54026	54027	-1	54028	54029	54030	54031	54032	-1	-1
298	1	10	4	1	1331	-1	幽澜夜潜	JD_RideHeader13_12	#G	2298	80	1	0	0	54033	54034	54035	-1	54036	54037	54038	54039	54040	-1	-1
299	1	10	4	1	1332	-1	烈炎乌照	JD_RideHeader13_11	#G	2297	80	1	0	0	54041	54042	54043	-1	54044	54045	54046	54047	54048	-1	-1
300	1	10	4	1	1335	-1	淡月笼香	JD_RideHeader13_15	#G	2301	80	0	0	0	54049	54050	54051	-1	54052	54053	54054	54055	54056	-1	-1
301	1	10	4	1	1336	-1	映月华川	JD_RideHeader13_16	#r#G召唤后可在天空中飞行。#G点击Ctrl+鼠标左键可以控制飞行坐骑的起飞降落。	2302	80	1	0	0	54057	54058	54059	-1	54060	54061	54062	54063	54064	-1	-1
302	1	10	4	1	1338	-1	锦绣星乘	JD_RideHeader14_1	#r#G召唤后可在天空中飞行。#G点击Ctrl+鼠标左键可以控制飞行坐骑的起飞降落。#r#G召唤后可邀请同伴一同乘骑。	2305	80	1	0	0	54065	54066	54067	-1	54068	54069	54070	54071	54072	-1	-1
303	1	10	4	1	1339	-1	银鞍弄月	JD_RideHeader14_2	#r#G召唤后可在天空中飞行。#G点击Ctrl+鼠标左键可以控制飞行坐骑的起飞降落。	2304	80	1	0	0	54073	54074	54075	-1	54076	54077	54078	54079	54080	-1	-1
304	1	10	4	1	1340	-1	寒星灵驹	JD_RideHeader14_4	#G	2309	80	0	0	0	54081	54082	54083	-1	54084	54085	54086	54087	54088	-1	-1
305	1	10	4	1	1343	-1	紫薇雪	JD_RideHeader14_5	#r#G召唤后可在天空中飞行。#G点击Ctrl+鼠标左键可以控制飞行坐骑的起飞降落。#r#G若激活的坐骑为永久，可右键点击消耗5个解契令取回为可交易坐骑至背包。	2310	80	1	10147091	0	54089	54090	54091	-1	54092	54093	54094	54095	54096	-1	-1
306	2	10	4	1	1347	-1	幽荧夜羽	JD_RideHeader14_11	#r#G召唤后可在天空中飞行。#G点击Ctrl+鼠标左键可以控制飞行坐骑的起飞降落。#r#G召唤后可邀请同伴一同乘骑。	2321	85	1	0	0	54097	54098	54099	-1	54100	54101	54102	54103	54104	-1	-1
307	2	10	4	1	1348	-1	赤炎燃疆	JD_RideHeader14_10	#r#G召唤后可在天空中飞行。#G点击Ctrl+鼠标左键可以控制飞行坐骑的起飞降落。#r#G召唤后可邀请同伴一同乘骑。	2319	85	1	0	0	54105	54106	54107	-1	54108	54109	54110	54111	54112	-1	-1
308	2	10	4	1	1349	-1	烛照龙魂	JD_RideHeader14_9	#r#G召唤后可在天空中飞行。#G点击Ctrl+鼠标左键可以控制飞行坐骑的起飞降落。#r#G召唤后可邀请同伴一同乘骑。	2317	85	1	0	0	54113	54114	54115	-1	54116	54117	54118	54119	54120	-1	-1
309	1	60	4	1	1350	0	灵隐虎	JD_RideHeader14_12	#r#G仅少林门派可召唤。	2323	80	0	0	0	54121	54122	54123	-1	54124	54125	54126	54127	54128	-1	-1
310	1	60	4	1	1351	1	圣火狮	JD_RideHeader14_13	#r#G仅明教门派可召唤。	2324	80	0	0	0	54129	54130	54131	-1	54132	54133	54134	54135	54136	-1	-1
311	1	60	4	1	1352	2	忠义狼	JD_RideHeader14_14	#r#G仅丐帮门派可召唤。	2325	80	0	0	0	54137	54138	54139	-1	54140	54141	54142	54143	54144	-1	-1
312	1	60	4	1	1353	3	上清鹤	JD_RideHeader14_15	#r#G仅武当门派可召唤。	2326	80	0	0	0	54145	54146	54147	-1	54148	54149	54150	54151	54152	-1	-1
313	1	60	4	1	1354	4	息心凤	JD_RideHeader14_16	#r#G仅峨眉门派可召唤。	2327	80	0	0	0	54153	54154	54155	-1	54156	54157	54158	54159	54160	-1	-1
314	1	60	4	1	1355	5	紫云牛	JD_RideHeader15_1	#r#G仅星宿门派可召唤。	2328	80	0	0	0	54161	54162	54163	-1	54164	54165	54166	54167	54168	-1	-1
315	1	60	4	1	1356	6	远禅马	JD_RideHeader15_2	#r#G仅天龙门派可召唤。	2329	80	0	0	0	54169	54170	54171	-1	54172	54173	54174	54175	54176	-1	-1
316	1	60	4	1	1357	7	雪海雕	JD_RideHeader15_3	#r#G仅天山门派可召唤。	2330	80	0	0	0	54177	54178	54179	-1	54180	54181	54182	54183	54184	-1	-1
317	1	60	4	1	1358	8	北冥鹿	JD_RideHeader15_4	#r#G仅逍遥门派可召唤。	2331	80	0	0	0	54185	54186	54187	-1	54188	54189	54190	54191	54192	-1	-1
318	1	60	4	1	1359	10	三燕羊	JD_RideHeader15_5	#r#G仅慕容门派可召唤。	2332	80	0	0	0	54193	54194	54195	-1	54196	54197	54198	54199	54200	-1	-1
319	1	60	4	1	1360	11	瑶山豹	JD_RideHeader15_6	#r#G仅唐门门派可召唤。	2333	80	0	0	0	54201	54202	54203	-1	54204	54205	54206	54207	54208	-1	-1
320	1	60	4	1	1361	12	云梦狐	JD_RideHeader15_7	#r#G仅鬼谷门派可召唤。	2334	80	0	0	0	54209	54210	54211	-1	54212	54213	54214	54215	54216	-1	-1
321	1	60	4	1	1362	13	桃影鸢	JD_RideHeader15_8	#r#G仅桃花岛门派可召唤。	2335	80	0	0	0	54217	54218	54219	-1	54220	54221	54222	54223	54224	-1	-1
322	1	60	4	1	1363	14	忘情乌	JD_RideHeader15_9	#r#G仅绝情谷门派可召唤。	2336	80	0	0	0	54225	54226	54227	-1	54228	54229	54230	54231	54232	-1	-1
323	1	10	4	1	1364	-1	哈基米	JD_RideHeader15_10	#G	2337	80	0	0	0	54233	54234	54235	-1	54236	54237	54238	54239	54240	-1	-1
324	1	10	4	1	1368	-1	御宝天禄	JD_RideHeader15_14	#r#G召唤后可在天空中飞行。#G点击Ctrl+鼠标左键可以控制飞行坐骑的起飞降落。	2343	80	1	0	0	54241	54242	54243	-1	54244	54245	54246	54247	54248	-1	-1
325	1	10	4	1	1369	-1	飒露紫	JD_RideHeader15_16	#G	2346	80	0	0	0	54249	54250	54251	-1	54252	54253	54254	54255	54256	-1	-1
326	1	10	4	1	1370	-1	蛋蛋鸡飞椅	JD_RideHeader15_15	#G	2345	80	0	0	0	54257	54258	54259	-1	54260	54261	54262	54263	54264	-1	-1
327	1	10	4	1	1371	-1	碧海苍龙	JD_RideHeader16_1	#r#G召唤后可在天空中飞行。#G点击Ctrl+鼠标左键可以控制飞行坐骑的起飞降落。#r#G若激活的坐骑为永久，可右键点击消耗5个解契令取回为可交易坐骑至背包。	2347	80	1	10147410	0	54265	54266	54267	-1	54268	54269	54270	54271	54272	-1	-1
328	1	60	4	1	1382	15	山外猞	JD_RideHeader16_12	#r#G仅恶人谷门派可召唤。	2364	80	0	0	0	54273	54274	54275	-1	54276	54277	54278	54279	54280	-1	-1
329	1	10	4	1	1384	-1	瑶池金鲤	JD_RideHeader16_14	#r#G召唤后可在天空中飞行。#G点击Ctrl+鼠标左键可以控制飞行坐骑的起飞降落。	2366	80	1	0	0	54281	54282	54283	-1	54284	54285	54286	54287	54288	-1	-1
330	1	10	4	1	1387	-1	九尾神狐	JD_RideHeader17_1	#r#G召唤后可在天空中飞行。#G点击Ctrl+鼠标左键可以控制飞行坐骑的起飞降落。#r#G若激活的坐骑为永久，可右键点击消耗5个解契令取回为可交易坐骑至背包。	2372	80	1	10147627	0	54289	54290	54291	-1	54292	54293	54294	54295	54296	-1	-1
331	1	10	4	1	1388	-1	赤焰宝驹	JD_RideHeader17_2	#G	2374	80	0	0	0	54297	54298	54299	-1	54300	54301	54302	54303	54304	-1	-1
332	1	10	4	1	1395	-1	苍雪领主	JD_RideHeader17_8	#r#G召唤后可在天空中飞行。#G点击Ctrl+鼠标左键可以控制飞行坐骑的起飞降落。	2385	80	1	0	0	54305	54306	54307	-1	54308	54309	54310	54311	54312	-1	-1
333	1	10	4	1	1396	-1	金辉领主	JD_RideHeader17_9	#r#G召唤后可在天空中飞行。#G点击Ctrl+鼠标左键可以控制飞行坐骑的起飞降落。	2387	80	1	0	0	54313	54314	54315	-1	54316	54317	54318	54319	54320	-1	-1
334	1	10	4	1	1397	-1	聚财貔貅	JD_RideHeader17_11	#r#G召唤后可在天空中飞行。#G点击Ctrl+鼠标左键可以控制飞行坐骑的起飞降落。	2390	80	1	0	0	54321	54322	54323	-1	54324	54325	54326	54327	54328	-1	-1
