INT	INT	INT	INT	INT	INT	INT	INT	INT	INT	INT	INT	INT	INT
索引	装备点	强化等级	收取金钱	成功率	退化等级	外攻	内攻	外防	内防	命中	闪避	穿刺强化	穿刺防御
0	0	1	100	7500	0	10	10	10	10	10	10	2	0
1	0	2	115	6000	1	15	15	15	15	15	15	4	0
2	0	3	132	5000	2	21	21	21	21	21	21	6	0
3	0	4	151	4500	3	30	30	30	30	30	30	10	0
4	0	5	173	3500	4	44	44	44	44	44	44	14	0
5	0	6	199	3000	5	70	70	70	70	70	70	20	0
6	0	7	228	2000	6	93	93	93	93	93	93	26	0
7	0	8	261	1000	7	135	135	135	135	135	135	34	0
8	0	9	300	1000	8	195	195	195	195	195	195	42	0
9	0	10	344	10000	9	195	195	195	195	195	195	50	0
10	0	11	393	8000	10	195	195	195	195	195	195	58	0
11	0	12	447	7900	11	195	195	195	195	195	195	66	0
12	0	13	506	7800	12	195	195	195	195	195	195	74	0
13	0	14	570	7700	13	195	195	195	195	195	195	82	0
14	0	15	639	7600	14	195	195	195	195	195	195	90	0
15	0	16	713	7500	15	195	195	195	195	195	195	98	0
16	0	17	792	7400	16	195	195	195	195	195	195	106	0
17	0	18	876	7300	17	195	195	195	195	195	195	114	0
18	0	19	965	5500	18	195	195	195	195	195	195	122	0
19	0	20	1000	5400	19	195	195	195	195	195	195	130	0
20	0	21	1000	5300	20	195	195	195	195	195	195	140	0
21	0	22	1000	3000	21	195	195	195	195	195	195	150	0
22	0	23	1000	2000	22	195	195	195	195	195	195	160	0
23	0	24	1000	1900	23	195	195	195	195	195	195	170	0
24	0	25	1000	1600	24	195	195	195	195	195	195	180	0
25	0	26	1000	1500	25	195	195	195	195	195	195	190	0
26	0	27	1000	1400	26	195	195	195	195	195	195	200	0
27	0	28	1000	1300	27	195	195	195	195	195	195	210	0
28	0	29	1000	1100	28	195	195	195	195	195	195	220	0
29	0	30	1000	1000	29	195	195	195	195	195	195	230	0
30	0	31	1000	900	30	195	195	195	195	195	195	242	0
31	0	32	1000	800	31	195	195	195	195	195	195	254	0
32	0	33	1000	700	32	195	195	195	195	195	195	266	0
33	0	34	1000	500	33	195	195	195	195	195	195	278	0
34	0	35	1000	420	34	195	195	195	195	195	195	290	0
35	0	36	1000	420	35	195	195	195	195	195	195	302	0
36	0	37	1000	420	36	195	195	195	195	195	195	314	0
37	0	38	1000	420	37	195	195	195	195	195	195	326	0
38	0	39	1000	420	38	195	195	195	195	195	195	338	0
39	0	40	1000	420	39	195	195	195	195	195	195	350	0
40	0	41	1000	420	40	195	195	195	195	195	195	365	0
41	0	42	1000	420	41	195	195	195	195	195	195	380	0
42	0	43	1000	420	42	195	195	195	195	195	195	395	0
43	0	44	1000	420	43	195	195	195	195	195	195	410	0
44	0	45	1000	420	44	195	195	195	195	195	195	425	0
45	0	46	1000	420	45	195	195	195	195	195	195	440	0
46	0	47	1000	420	46	195	195	195	195	195	195	455	0
47	0	48	1000	420	47	195	195	195	195	195	195	470	0
48	0	49	1000	420	48	195	195	195	195	195	195	485	0
49	0	50	1000	400	49	195	195	195	195	195	195	500	0
50	0	51	1000	400	50	195	195	195	195	195	195	518	0
51	0	52	1000	400	51	195	195	195	195	195	195	536	0
52	0	53	1000	400	52	195	195	195	195	195	195	554	0
53	0	54	1000	400	53	195	195	195	195	195	195	572	0
54	0	55	1000	400	54	195	195	195	195	195	195	590	0
55	0	56	1000	400	55	195	195	195	195	195	195	608	0
56	0	57	1000	400	56	195	195	195	195	195	195	626	0
57	0	58	1000	400	57	195	195	195	195	195	195	644	0
58	0	59	1000	400	58	195	195	195	195	195	195	662	0
59	0	60	1000	400	59	195	195	195	195	195	195	680	0
60	0	61	1000	350	60	195	195	195	195	195	195	700	0
61	0	62	1000	350	61	195	195	195	195	195	195	720	0
62	0	63	1000	350	62	195	195	195	195	195	195	740	0
63	0	64	1000	350	63	195	195	195	195	195	195	760	0
64	0	65	1000	350	64	195	195	195	195	195	195	780	0
65	0	66	1000	350	65	195	195	195	195	195	195	800	0
66	0	67	1000	350	66	195	195	195	195	195	195	820	0
67	0	68	1000	350	67	195	195	195	195	195	195	840	0
68	0	69	1000	350	68	195	195	195	195	195	195	860	0
69	0	70	1000	350	69	195	195	195	195	195	195	880	0
70	0	71	1000	250	70	195	195	195	195	195	195	902	0
71	0	72	1000	250	71	195	195	195	195	195	195	924	0
72	0	73	1000	250	72	195	195	195	195	195	195	946	0
73	0	74	1000	250	73	195	195	195	195	195	195	968	0
74	0	75	1000	250	74	195	195	195	195	195	195	990	0
75	0	76	1000	250	75	195	195	195	195	195	195	1012	0
76	0	77	1000	250	76	195	195	195	195	195	195	1034	0
77	0	78	1000	250	77	195	195	195	195	195	195	1056	0
78	0	79	1000	250	78	195	195	195	195	195	195	1078	0
79	0	80	1000	250	79	195	195	195	195	195	195	1100	0
80	0	81	1000	250	80	195	195	195	195	195	195	1125	0
81	0	82	1000	200	81	195	195	195	195	195	195	1150	0
82	0	83	1000	200	82	195	195	195	195	195	195	1175	0
83	0	84	1000	200	83	195	195	195	195	195	195	1200	0
84	0	85	1000	200	84	195	195	195	195	195	195	1225	0
85	0	86	1000	200	85	195	195	195	195	195	195	1250	0
86	0	87	1000	200	86	195	195	195	195	195	195	1275	0
87	0	88	1000	200	87	195	195	195	195	195	195	1300	0
88	0	89	1000	200	88	195	195	195	195	195	195	1325	0
89	0	90	1000	100	89	195	195	195	195	195	195	1350	0
90	0	91	1000	100	90	195	195	195	195	195	195	1380	0
91	0	92	1000	100	91	195	195	195	195	195	195	1410	0
92	0	93	1000	100	92	195	195	195	195	195	195	1440	0
93	0	94	1000	100	93	195	195	195	195	195	195	1470	0
94	0	95	1000	100	94	195	195	195	195	195	195	1500	0
95	0	96	1000	100	95	195	195	195	195	195	195	1530	0
96	0	97	1000	100	96	195	195	195	195	195	195	1560	0
97	0	98	1000	100	97	195	195	195	195	195	195	1590	0
98	0	99	1000	100	98	195	195	195	195	195	195	1620	0
99	1	1	100	7500	0	20	20	20	20	20	20	0	2
100	1	2	115	6000	1	30	30	30	30	30	30	0	4
101	1	3	132	5000	2	42	42	42	42	42	42	0	6
102	1	4	151	4500	3	60	60	60	60	60	60	0	10
103	1	5	173	3500	4	88	88	88	88	88	88	0	14
104	1	6	199	3000	5	140	140	140	140	140	140	0	20
105	1	7	228	2000	6	186	186	186	186	186	186	0	26
106	1	8	261	1000	7	270	270	270	270	270	270	0	34
107	1	9	300	1000	8	390	390	390	390	390	390	0	42
108	1	10	344	10000	9	390	390	390	390	390	390	0	50
109	1	11	393	8000	10	390	390	390	390	390	390	0	58
110	1	12	447	7900	11	390	390	390	390	390	390	0	66
111	1	13	506	7800	12	390	390	390	390	390	390	0	74
112	1	14	570	7700	13	390	390	390	390	390	390	0	82
113	1	15	639	7600	14	390	390	390	390	390	390	0	90
114	1	16	713	7500	15	390	390	390	390	390	390	0	98
115	1	17	792	7400	16	390	390	390	390	390	390	0	106
116	1	18	876	7300	17	390	390	390	390	390	390	0	114
117	1	19	965	7200	18	390	390	390	390	390	390	0	122
118	1	20	1000	7000	19	390	390	390	390	390	390	0	130
119	1	21	1000	5500	20	390	390	390	390	390	390	0	140
120	1	22	1000	4000	21	390	390	390	390	390	390	0	150
121	1	23	1000	3000	22	390	390	390	390	390	390	0	160
122	1	24	1000	2200	23	390	390	390	390	390	390	0	170
123	1	25	1000	2000	24	390	390	390	390	390	390	0	180
124	1	26	1000	1700	25	390	390	390	390	390	390	0	190
125	1	27	1000	1500	26	390	390	390	390	390	390	0	200
126	1	28	1000	1400	27	390	390	390	390	390	390	0	210
127	1	29	1000	1300	28	390	390	390	390	390	390	0	220
128	1	30	1000	1200	29	390	390	390	390	390	390	0	230
129	1	31	1000	1000	30	390	390	390	390	390	390	0	242
130	1	32	1000	800	31	390	390	390	390	390	390	0	254
131	1	33	1000	700	32	390	390	390	390	390	390	0	266
132	1	34	1000	500	33	390	390	390	390	390	390	0	278
133	1	35	1000	420	34	390	390	390	390	390	390	0	290
134	1	36	1000	420	35	390	390	390	390	390	390	0	302
135	1	37	1000	420	36	390	390	390	390	390	390	0	314
136	1	38	1000	420	37	390	390	390	390	390	390	0	326
137	1	39	1000	420	38	390	390	390	390	390	390	0	338
138	1	40	1000	420	39	390	390	390	390	390	390	0	350
139	1	41	1000	420	40	390	390	390	390	390	390	0	365
140	1	42	1000	420	41	390	390	390	390	390	390	0	380
141	1	43	1000	420	42	390	390	390	390	390	390	0	395
142	1	44	1000	420	43	390	390	390	390	390	390	0	410
143	1	45	1000	420	44	390	390	390	390	390	390	0	425
144	1	46	1000	420	45	390	390	390	390	390	390	0	440
145	1	47	1000	420	46	390	390	390	390	390	390	0	455
146	1	48	1000	420	47	390	390	390	390	390	390	0	470
147	1	49	1000	420	48	390	390	390	390	390	390	0	485
148	1	50	1000	400	49	390	390	390	390	390	390	0	500
149	1	51	1000	400	50	390	390	390	390	390	390	0	518
150	1	52	1000	400	51	390	390	390	390	390	390	0	536
151	1	53	1000	400	52	390	390	390	390	390	390	0	554
152	1	54	1000	400	53	390	390	390	390	390	390	0	572
153	1	55	1000	400	54	390	390	390	390	390	390	0	590
154	1	56	1000	400	55	390	390	390	390	390	390	0	608
155	1	57	1000	400	56	390	390	390	390	390	390	0	626
156	1	58	1000	400	57	390	390	390	390	390	390	0	644
157	1	59	1000	400	58	390	390	390	390	390	390	0	662
158	1	60	1000	400	59	390	390	390	390	390	390	0	680
159	1	61	1000	350	60	390	390	390	390	390	390	0	700
160	1	62	1000	350	61	390	390	390	390	390	390	0	720
161	1	63	1000	350	62	390	390	390	390	390	390	0	740
162	1	64	1000	350	63	390	390	390	390	390	390	0	760
163	1	65	1000	350	64	390	390	390	390	390	390	0	780
164	1	66	1000	350	65	390	390	390	390	390	390	0	800
165	1	67	1000	350	66	390	390	390	390	390	390	0	820
166	1	68	1000	350	67	390	390	390	390	390	390	0	840
167	1	69	1000	350	68	390	390	390	390	390	390	0	860
168	1	70	1000	350	69	390	390	390	390	390	390	0	880
169	1	71	1000	250	70	390	390	390	390	390	390	0	902
170	1	72	1000	250	71	390	390	390	390	390	390	0	924
171	1	73	1000	250	72	390	390	390	390	390	390	0	946
172	1	74	1000	250	73	390	390	390	390	390	390	0	968
173	1	75	1000	250	74	390	390	390	390	390	390	0	990
174	1	76	1000	250	75	390	390	390	390	390	390	0	1012
175	1	77	1000	250	76	390	390	390	390	390	390	0	1034
176	1	78	1000	250	77	390	390	390	390	390	390	0	1056
177	1	79	1000	250	78	390	390	390	390	390	390	0	1078
178	1	80	1000	250	79	390	390	390	390	390	390	0	1100
179	1	81	1000	250	80	390	390	390	390	390	390	0	1125
180	1	82	1000	200	81	390	390	390	390	390	390	0	1150
181	1	83	1000	200	82	390	390	390	390	390	390	0	1175
182	1	84	1000	200	83	390	390	390	390	390	390	0	1200
183	1	85	1000	200	84	390	390	390	390	390	390	0	1225
184	1	86	1000	200	85	390	390	390	390	390	390	0	1250
185	1	87	1000	200	86	390	390	390	390	390	390	0	1275
186	1	88	1000	200	87	390	390	390	390	390	390	0	1300
187	1	89	1000	200	88	390	390	390	390	390	390	0	1325
188	1	90	1000	100	89	390	390	390	390	390	390	0	1350
189	1	91	1000	100	90	390	390	390	390	390	390	0	1380
190	1	92	1000	100	91	390	390	390	390	390	390	0	1410
191	1	93	1000	100	92	390	390	390	390	390	390	0	1440
192	1	94	1000	100	93	390	390	390	390	390	390	0	1470
193	1	95	1000	100	94	390	390	390	390	390	390	0	1500
194	1	96	1000	100	95	390	390	390	390	390	390	0	1530
195	1	97	1000	100	96	390	390	390	390	390	390	0	1560
196	1	98	1000	100	97	390	390	390	390	390	390	0	1590
197	1	99	1000	100	98	390	390	390	390	390	390	0	1620
198	2	1	100	7500	0	10	10	10	10	10	10	0	2
199	2	2	115	6000	1	15	15	15	15	15	15	0	4
200	2	3	132	5000	2	21	21	21	21	21	21	0	6
201	2	4	151	4500	3	30	30	30	30	30	30	0	10
202	2	5	173	3500	4	44	44	44	44	44	44	0	14
203	2	6	199	3000	5	70	70	70	70	70	70	0	20
204	2	7	228	2000	6	93	93	93	93	93	93	0	26
205	2	8	261	1000	7	135	135	135	135	135	135	0	34
206	2	9	300	1000	8	195	195	195	195	195	195	0	42
207	2	10	344	10000	9	195	195	195	195	195	195	0	50
208	2	11	393	8000	10	195	195	195	195	195	195	0	58
209	2	12	447	7900	11	195	195	195	195	195	195	0	66
210	2	13	506	7800	12	195	195	195	195	195	195	0	74
211	2	14	570	7700	13	195	195	195	195	195	195	0	82
212	2	15	639	7600	14	195	195	195	195	195	195	0	90
213	2	16	713	7500	15	195	195	195	195	195	195	0	98
214	2	17	792	7400	16	195	195	195	195	195	195	0	106
215	2	18	876	7300	17	195	195	195	195	195	195	0	114
216	2	19	965	7200	18	195	195	195	195	195	195	0	122
217	2	20	1000	7000	19	195	195	195	195	195	195	0	130
218	2	21	1000	5500	20	195	195	195	195	195	195	0	140
219	2	22	1000	4000	21	195	195	195	195	195	195	0	150
220	2	23	1000	3000	22	195	195	195	195	195	195	0	160
221	2	24	1000	2200	23	195	195	195	195	195	195	0	170
222	2	25	1000	2000	24	195	195	195	195	195	195	0	180
223	2	26	1000	1700	25	195	195	195	195	195	195	0	190
224	2	27	1000	1500	26	195	195	195	195	195	195	0	200
225	2	28	1000	1400	27	195	195	195	195	195	195	0	210
226	2	29	1000	1300	28	195	195	195	195	195	195	0	220
227	2	30	1000	1200	29	195	195	195	195	195	195	0	230
228	2	31	1000	1000	30	195	195	195	195	195	195	0	242
229	2	32	1000	800	31	195	195	195	195	195	195	0	254
230	2	33	1000	700	32	195	195	195	195	195	195	0	266
231	2	34	1000	500	33	195	195	195	195	195	195	0	278
232	2	35	1000	420	34	195	195	195	195	195	195	0	290
233	2	36	1000	420	35	195	195	195	195	195	195	0	302
234	2	37	1000	420	36	195	195	195	195	195	195	0	314
235	2	38	1000	420	37	195	195	195	195	195	195	0	326
236	2	39	1000	420	38	195	195	195	195	195	195	0	338
237	2	40	1000	420	39	195	195	195	195	195	195	0	350
238	2	41	1000	420	40	195	195	195	195	195	195	0	365
239	2	42	1000	420	41	195	195	195	195	195	195	0	380
240	2	43	1000	420	42	195	195	195	195	195	195	0	395
241	2	44	1000	420	43	195	195	195	195	195	195	0	410
242	2	45	1000	420	44	195	195	195	195	195	195	0	425
243	2	46	1000	420	45	195	195	195	195	195	195	0	440
244	2	47	1000	420	46	195	195	195	195	195	195	0	455
245	2	48	1000	420	47	195	195	195	195	195	195	0	470
246	2	49	1000	420	48	195	195	195	195	195	195	0	485
247	2	50	1000	400	49	195	195	195	195	195	195	0	500
248	2	51	1000	400	50	195	195	195	195	195	195	0	518
249	2	52	1000	400	51	195	195	195	195	195	195	0	536
250	2	53	1000	400	52	195	195	195	195	195	195	0	554
251	2	54	1000	400	53	195	195	195	195	195	195	0	572
252	2	55	1000	400	54	195	195	195	195	195	195	0	590
253	2	56	1000	400	55	195	195	195	195	195	195	0	608
254	2	57	1000	400	56	195	195	195	195	195	195	0	626
255	2	58	1000	400	57	195	195	195	195	195	195	0	644
256	2	59	1000	400	58	195	195	195	195	195	195	0	662
257	2	60	1000	400	59	195	195	195	195	195	195	0	680
258	2	61	1000	350	60	195	195	195	195	195	195	0	700
259	2	62	1000	350	61	195	195	195	195	195	195	0	720
260	2	63	1000	350	62	195	195	195	195	195	195	0	740
261	2	64	1000	350	63	195	195	195	195	195	195	0	760
262	2	65	1000	350	64	195	195	195	195	195	195	0	780
263	2	66	1000	350	65	195	195	195	195	195	195	0	800
264	2	67	1000	350	66	195	195	195	195	195	195	0	820
265	2	68	1000	350	67	195	195	195	195	195	195	0	840
266	2	69	1000	350	68	195	195	195	195	195	195	0	860
267	2	70	1000	350	69	195	195	195	195	195	195	0	880
268	2	71	1000	250	70	195	195	195	195	195	195	0	902
269	2	72	1000	250	71	195	195	195	195	195	195	0	924
270	2	73	1000	250	72	195	195	195	195	195	195	0	946
271	2	74	1000	250	73	195	195	195	195	195	195	0	968
272	2	75	1000	250	74	195	195	195	195	195	195	0	990
273	2	76	1000	250	75	195	195	195	195	195	195	0	1012
274	2	77	1000	250	76	195	195	195	195	195	195	0	1034
275	2	78	1000	250	77	195	195	195	195	195	195	0	1056
276	2	79	1000	250	78	195	195	195	195	195	195	0	1078
277	2	80	1000	250	79	195	195	195	195	195	195	0	1100
278	2	81	1000	250	80	195	195	195	195	195	195	0	1125
279	2	82	1000	200	81	195	195	195	195	195	195	0	1150
280	2	83	1000	200	82	195	195	195	195	195	195	0	1175
281	2	84	1000	200	83	195	195	195	195	195	195	0	1200
282	2	85	1000	200	84	195	195	195	195	195	195	0	1225
283	2	86	1000	200	85	195	195	195	195	195	195	0	1250
284	2	87	1000	200	86	195	195	195	195	195	195	0	1275
285	2	88	1000	200	87	195	195	195	195	195	195	0	1300
286	2	89	1000	200	88	195	195	195	195	195	195	0	1325
287	2	90	1000	100	89	195	195	195	195	195	195	0	1350
288	2	91	1000	100	90	195	195	195	195	195	195	0	1380
289	2	92	1000	100	91	195	195	195	195	195	195	0	1410
290	2	93	1000	100	92	195	195	195	195	195	195	0	1440
291	2	94	1000	100	93	195	195	195	195	195	195	0	1470
292	2	95	1000	100	94	195	195	195	195	195	195	0	1500
293	2	96	1000	100	95	195	195	195	195	195	195	0	1530
294	2	97	1000	100	96	195	195	195	195	195	195	0	1560
295	2	98	1000	100	97	195	195	195	195	195	195	0	1590
296	2	99	1000	100	98	195	195	195	195	195	195	0	1620
297	3	1	100	7500	0	20	20	20	20	20	20	0	2
298	3	2	115	6000	1	30	30	30	30	30	30	0	4
299	3	3	132	5000	2	42	42	42	42	42	42	0	6
300	3	4	151	4500	3	60	60	60	60	60	60	0	10
301	3	5	173	3500	4	88	88	88	88	88	88	0	14
302	3	6	199	3000	5	140	140	140	140	140	140	0	20
303	3	7	228	2000	6	186	186	186	186	186	186	0	26
304	3	8	261	1000	7	270	270	270	270	270	270	0	34
305	3	9	300	1000	8	390	390	390	390	390	390	0	42
306	3	10	344	10000	9	390	390	390	390	390	390	0	50
307	3	11	393	8000	10	390	390	390	390	390	390	0	58
308	3	12	447	7900	11	390	390	390	390	390	390	0	66
309	3	13	506	7800	12	390	390	390	390	390	390	0	74
310	3	14	570	7700	13	390	390	390	390	390	390	0	82
311	3	15	639	7600	14	390	390	390	390	390	390	0	90
312	3	16	713	7500	15	390	390	390	390	390	390	0	98
313	3	17	792	7400	16	390	390	390	390	390	390	0	106
314	3	18	876	7300	17	390	390	390	390	390	390	0	114
315	3	19	965	7200	18	390	390	390	390	390	390	0	122
316	3	20	1000	7000	19	390	390	390	390	390	390	0	130
317	3	21	1000	5500	20	390	390	390	390	390	390	0	140
318	3	22	1000	4000	21	390	390	390	390	390	390	0	150
319	3	23	1000	3000	22	390	390	390	390	390	390	0	160
320	3	24	1000	2200	23	390	390	390	390	390	390	0	170
321	3	25	1000	2000	24	390	390	390	390	390	390	0	180
322	3	26	1000	1700	25	390	390	390	390	390	390	0	190
323	3	27	1000	1500	26	390	390	390	390	390	390	0	200
324	3	28	1000	1400	27	390	390	390	390	390	390	0	210
325	3	29	1000	1300	28	390	390	390	390	390	390	0	220
326	3	30	1000	1200	29	390	390	390	390	390	390	0	230
327	3	31	1000	1000	30	390	390	390	390	390	390	0	242
328	3	32	1000	800	31	390	390	390	390	390	390	0	254
329	3	33	1000	700	32	390	390	390	390	390	390	0	266
330	3	34	1000	500	33	390	390	390	390	390	390	0	278
331	3	35	1000	420	34	390	390	390	390	390	390	0	290
332	3	36	1000	420	35	390	390	390	390	390	390	0	302
333	3	37	1000	420	36	390	390	390	390	390	390	0	314
334	3	38	1000	420	37	390	390	390	390	390	390	0	326
335	3	39	1000	420	38	390	390	390	390	390	390	0	338
336	3	40	1000	420	39	390	390	390	390	390	390	0	350
337	3	41	1000	420	40	390	390	390	390	390	390	0	365
338	3	42	1000	420	41	390	390	390	390	390	390	0	380
339	3	43	1000	420	42	390	390	390	390	390	390	0	395
340	3	44	1000	420	43	390	390	390	390	390	390	0	410
341	3	45	1000	420	44	390	390	390	390	390	390	0	425
342	3	46	1000	420	45	390	390	390	390	390	390	0	440
343	3	47	1000	420	46	390	390	390	390	390	390	0	455
344	3	48	1000	420	47	390	390	390	390	390	390	0	470
345	3	49	1000	420	48	390	390	390	390	390	390	0	485
346	3	50	1000	400	49	390	390	390	390	390	390	0	500
347	3	51	1000	400	50	390	390	390	390	390	390	0	518
348	3	52	1000	400	51	390	390	390	390	390	390	0	536
349	3	53	1000	400	52	390	390	390	390	390	390	0	554
350	3	54	1000	400	53	390	390	390	390	390	390	0	572
351	3	55	1000	400	54	390	390	390	390	390	390	0	590
352	3	56	1000	400	55	390	390	390	390	390	390	0	608
353	3	57	1000	400	56	390	390	390	390	390	390	0	626
354	3	58	1000	400	57	390	390	390	390	390	390	0	644
355	3	59	1000	400	58	390	390	390	390	390	390	0	662
356	3	60	1000	400	59	390	390	390	390	390	390	0	680
357	3	61	1000	350	60	390	390	390	390	390	390	0	700
358	3	62	1000	350	61	390	390	390	390	390	390	0	720
359	3	63	1000	350	62	390	390	390	390	390	390	0	740
360	3	64	1000	350	63	390	390	390	390	390	390	0	760
361	3	65	1000	350	64	390	390	390	390	390	390	0	780
362	3	66	1000	350	65	390	390	390	390	390	390	0	800
363	3	67	1000	350	66	390	390	390	390	390	390	0	820
364	3	68	1000	350	67	390	390	390	390	390	390	0	840
365	3	69	1000	350	68	390	390	390	390	390	390	0	860
366	3	70	1000	350	69	390	390	390	390	390	390	0	880
367	3	71	1000	250	70	390	390	390	390	390	390	0	902
368	3	72	1000	250	71	390	390	390	390	390	390	0	924
369	3	73	1000	250	72	390	390	390	390	390	390	0	946
370	3	74	1000	250	73	390	390	390	390	390	390	0	968
371	3	75	1000	250	74	390	390	390	390	390	390	0	990
372	3	76	1000	250	75	390	390	390	390	390	390	0	1012
373	3	77	1000	250	76	390	390	390	390	390	390	0	1034
374	3	78	1000	250	77	390	390	390	390	390	390	0	1056
375	3	79	1000	250	78	390	390	390	390	390	390	0	1078
376	3	80	1000	250	79	390	390	390	390	390	390	0	1100
377	3	81	1000	250	80	390	390	390	390	390	390	0	1125
378	3	82	1000	200	81	390	390	390	390	390	390	0	1150
379	3	83	1000	200	82	390	390	390	390	390	390	0	1175
380	3	84	1000	200	83	390	390	390	390	390	390	0	1200
381	3	85	1000	200	84	390	390	390	390	390	390	0	1225
382	3	86	1000	200	85	390	390	390	390	390	390	0	1250
383	3	87	1000	200	86	390	390	390	390	390	390	0	1275
384	3	88	1000	200	87	390	390	390	390	390	390	0	1300
385	3	89	1000	200	88	390	390	390	390	390	390	0	1325
386	3	90	1000	100	89	390	390	390	390	390	390	0	1350
387	3	91	1000	100	90	390	390	390	390	390	390	0	1380
388	3	92	1000	100	91	390	390	390	390	390	390	0	1410
389	3	93	1000	100	92	390	390	390	390	390	390	0	1440
390	3	94	1000	100	93	390	390	390	390	390	390	0	1470
391	3	95	1000	100	94	390	390	390	390	390	390	0	1500
392	3	96	1000	100	95	390	390	390	390	390	390	0	1530
393	3	97	1000	100	96	390	390	390	390	390	390	0	1560
394	3	98	1000	100	97	390	390	390	390	390	390	0	1590
395	3	99	1000	100	98	390	390	390	390	390	390	0	1620
396	4	1	100	7500	0	20	20	20	20	20	20	0	2
397	4	2	115	6000	1	30	30	30	30	30	30	0	4
398	4	3	132	5000	2	42	42	42	42	42	42	0	6
399	4	4	151	4500	3	60	60	60	60	60	60	0	10
400	4	5	173	3500	4	88	88	88	88	88	88	0	14
401	4	6	199	3000	5	140	140	140	140	140	140	0	20
402	4	7	228	2000	6	186	186	186	186	186	186	0	26
403	4	8	261	1000	7	270	270	270	270	270	270	0	34
404	4	9	300	1000	8	390	390	390	390	390	390	0	42
405	4	10	344	10000	9	390	390	390	390	390	390	0	50
406	4	11	393	8000	10	390	390	390	390	390	390	0	58
407	4	12	447	7900	11	390	390	390	390	390	390	0	66
408	4	13	506	7800	12	390	390	390	390	390	390	0	74
409	4	14	570	7700	13	390	390	390	390	390	390	0	82
410	4	15	639	7600	14	390	390	390	390	390	390	0	90
411	4	16	713	7500	15	390	390	390	390	390	390	0	98
412	4	17	792	7400	16	390	390	390	390	390	390	0	106
413	4	18	876	7300	17	390	390	390	390	390	390	0	114
414	4	19	965	7200	18	390	390	390	390	390	390	0	122
415	4	20	1000	7000	19	390	390	390	390	390	390	0	130
416	4	21	1000	5500	20	390	390	390	390	390	390	0	140
417	4	22	1000	4000	21	390	390	390	390	390	390	0	150
418	4	23	1000	3000	22	390	390	390	390	390	390	0	160
419	4	24	1000	2200	23	390	390	390	390	390	390	0	170
420	4	25	1000	2000	24	390	390	390	390	390	390	0	180
421	4	26	1000	1700	25	390	390	390	390	390	390	0	190
422	4	27	1000	1500	26	390	390	390	390	390	390	0	200
423	4	28	1000	1400	27	390	390	390	390	390	390	0	210
424	4	29	1000	1300	28	390	390	390	390	390	390	0	220
425	4	30	1000	1200	29	390	390	390	390	390	390	0	230
426	4	31	1000	1000	30	390	390	390	390	390	390	0	242
427	4	32	1000	800	31	390	390	390	390	390	390	0	254
428	4	33	1000	700	32	390	390	390	390	390	390	0	266
429	4	34	1000	500	33	390	390	390	390	390	390	0	278
430	4	35	1000	420	34	390	390	390	390	390	390	0	290
431	4	36	1000	420	35	390	390	390	390	390	390	0	302
432	4	37	1000	420	36	390	390	390	390	390	390	0	314
433	4	38	1000	420	37	390	390	390	390	390	390	0	326
434	4	39	1000	420	38	390	390	390	390	390	390	0	338
435	4	40	1000	420	39	390	390	390	390	390	390	0	350
436	4	41	1000	420	40	390	390	390	390	390	390	0	365
437	4	42	1000	420	41	390	390	390	390	390	390	0	380
438	4	43	1000	420	42	390	390	390	390	390	390	0	395
439	4	44	1000	420	43	390	390	390	390	390	390	0	410
440	4	45	1000	420	44	390	390	390	390	390	390	0	425
441	4	46	1000	420	45	390	390	390	390	390	390	0	440
442	4	47	1000	420	46	390	390	390	390	390	390	0	455
443	4	48	1000	420	47	390	390	390	390	390	390	0	470
444	4	49	1000	420	48	390	390	390	390	390	390	0	485
445	4	50	1000	400	49	390	390	390	390	390	390	0	500
446	4	51	1000	400	50	390	390	390	390	390	390	0	518
447	4	52	1000	400	51	390	390	390	390	390	390	0	536
448	4	53	1000	400	52	390	390	390	390	390	390	0	554
449	4	54	1000	400	53	390	390	390	390	390	390	0	572
450	4	55	1000	400	54	390	390	390	390	390	390	0	590
451	4	56	1000	400	55	390	390	390	390	390	390	0	608
452	4	57	1000	400	56	390	390	390	390	390	390	0	626
453	4	58	1000	400	57	390	390	390	390	390	390	0	644
454	4	59	1000	400	58	390	390	390	390	390	390	0	662
455	4	60	1000	400	59	390	390	390	390	390	390	0	680
456	4	61	1000	350	60	390	390	390	390	390	390	0	700
457	4	62	1000	350	61	390	390	390	390	390	390	0	720
458	4	63	1000	350	62	390	390	390	390	390	390	0	740
459	4	64	1000	350	63	390	390	390	390	390	390	0	760
460	4	65	1000	350	64	390	390	390	390	390	390	0	780
461	4	66	1000	350	65	390	390	390	390	390	390	0	800
462	4	67	1000	350	66	390	390	390	390	390	390	0	820
463	4	68	1000	350	67	390	390	390	390	390	390	0	840
464	4	69	1000	350	68	390	390	390	390	390	390	0	860
465	4	70	1000	350	69	390	390	390	390	390	390	0	880
466	4	71	1000	250	70	390	390	390	390	390	390	0	902
467	4	72	1000	250	71	390	390	390	390	390	390	0	924
468	4	73	1000	250	72	390	390	390	390	390	390	0	946
469	4	74	1000	250	73	390	390	390	390	390	390	0	968
470	4	75	1000	250	74	390	390	390	390	390	390	0	990
471	4	76	1000	250	75	390	390	390	390	390	390	0	1012
472	4	77	1000	250	76	390	390	390	390	390	390	0	1034
473	4	78	1000	250	77	390	390	390	390	390	390	0	1056
474	4	79	1000	250	78	390	390	390	390	390	390	0	1078
475	4	80	1000	250	79	390	390	390	390	390	390	0	1100
476	4	81	1000	250	80	390	390	390	390	390	390	0	1125
477	4	82	1000	200	81	390	390	390	390	390	390	0	1150
478	4	83	1000	200	82	390	390	390	390	390	390	0	1175
479	4	84	1000	200	83	390	390	390	390	390	390	0	1200
480	4	85	1000	200	84	390	390	390	390	390	390	0	1225
481	4	86	1000	200	85	390	390	390	390	390	390	0	1250
482	4	87	1000	200	86	390	390	390	390	390	390	0	1275
483	4	88	1000	200	87	390	390	390	390	390	390	0	1300
484	4	89	1000	200	88	390	390	390	390	390	390	0	1325
485	4	90	1000	100	89	390	390	390	390	390	390	0	1350
486	4	91	1000	100	90	390	390	390	390	390	390	0	1380
487	4	92	1000	100	91	390	390	390	390	390	390	0	1410
488	4	93	1000	100	92	390	390	390	390	390	390	0	1440
489	4	94	1000	100	93	390	390	390	390	390	390	0	1470
490	4	95	1000	100	94	390	390	390	390	390	390	0	1500
491	4	96	1000	100	95	390	390	390	390	390	390	0	1530
492	4	97	1000	100	96	390	390	390	390	390	390	0	1560
493	4	98	1000	100	97	390	390	390	390	390	390	0	1590
494	4	99	1000	100	98	390	390	390	390	390	390	0	1620
495	5	1	100	7500	0	20	20	20	20	20	20	0	2
496	5	2	115	6000	1	30	30	30	30	30	30	0	4
497	5	3	132	5000	2	42	42	42	42	42	42	0	6
498	5	4	151	4500	3	60	60	60	60	60	60	0	10
499	5	5	173	3500	4	88	88	88	88	88	88	0	14
500	5	6	199	3000	5	140	140	140	140	140	140	0	20
501	5	7	228	2000	6	186	186	186	186	186	186	0	26
502	5	8	261	1000	7	270	270	270	270	270	270	0	34
503	5	9	300	1000	8	390	390	390	390	390	390	0	42
504	5	10	344	10000	9	390	390	390	390	390	390	0	50
505	5	11	393	8000	10	390	390	390	390	390	390	0	58
506	5	12	447	7900	11	390	390	390	390	390	390	0	66
507	5	13	506	7800	12	390	390	390	390	390	390	0	74
508	5	14	570	7700	13	390	390	390	390	390	390	0	82
509	5	15	639	7600	14	390	390	390	390	390	390	0	90
510	5	16	713	7500	15	390	390	390	390	390	390	0	98
511	5	17	792	7400	16	390	390	390	390	390	390	0	106
512	5	18	876	7300	17	390	390	390	390	390	390	0	114
513	5	19	965	7200	18	390	390	390	390	390	390	0	122
514	5	20	1000	7000	19	390	390	390	390	390	390	0	130
515	5	21	1000	5500	20	390	390	390	390	390	390	0	140
516	5	22	1000	4000	21	390	390	390	390	390	390	0	150
517	5	23	1000	3000	22	390	390	390	390	390	390	0	160
518	5	24	1000	2200	23	390	390	390	390	390	390	0	170
519	5	25	1000	2000	24	390	390	390	390	390	390	0	180
520	5	26	1000	1700	25	390	390	390	390	390	390	0	190
521	5	27	1000	1500	26	390	390	390	390	390	390	0	200
522	5	28	1000	1400	27	390	390	390	390	390	390	0	210
523	5	29	1000	1300	28	390	390	390	390	390	390	0	220
524	5	30	1000	1200	29	390	390	390	390	390	390	0	230
525	5	31	1000	1000	30	390	390	390	390	390	390	0	242
526	5	32	1000	800	31	390	390	390	390	390	390	0	254
527	5	33	1000	700	32	390	390	390	390	390	390	0	266
528	5	34	1000	500	33	390	390	390	390	390	390	0	278
529	5	35	1000	420	34	390	390	390	390	390	390	0	290
530	5	36	1000	420	35	390	390	390	390	390	390	0	302
531	5	37	1000	420	36	390	390	390	390	390	390	0	314
532	5	38	1000	420	37	390	390	390	390	390	390	0	326
533	5	39	1000	420	38	390	390	390	390	390	390	0	338
534	5	40	1000	420	39	390	390	390	390	390	390	0	350
535	5	41	1000	420	40	390	390	390	390	390	390	0	365
536	5	42	1000	420	41	390	390	390	390	390	390	0	380
537	5	43	1000	420	42	390	390	390	390	390	390	0	395
538	5	44	1000	420	43	390	390	390	390	390	390	0	410
539	5	45	1000	420	44	390	390	390	390	390	390	0	425
540	5	46	1000	420	45	390	390	390	390	390	390	0	440
541	5	47	1000	420	46	390	390	390	390	390	390	0	455
542	5	48	1000	420	47	390	390	390	390	390	390	0	470
543	5	49	1000	420	48	390	390	390	390	390	390	0	485
544	5	50	1000	400	49	390	390	390	390	390	390	0	500
545	5	51	1000	400	50	390	390	390	390	390	390	0	518
546	5	52	1000	400	51	390	390	390	390	390	390	0	536
547	5	53	1000	400	52	390	390	390	390	390	390	0	554
548	5	54	1000	400	53	390	390	390	390	390	390	0	572
549	5	55	1000	400	54	390	390	390	390	390	390	0	590
550	5	56	1000	400	55	390	390	390	390	390	390	0	608
551	5	57	1000	400	56	390	390	390	390	390	390	0	626
552	5	58	1000	400	57	390	390	390	390	390	390	0	644
553	5	59	1000	400	58	390	390	390	390	390	390	0	662
554	5	60	1000	400	59	390	390	390	390	390	390	0	680
555	5	61	1000	350	60	390	390	390	390	390	390	0	700
556	5	62	1000	350	61	390	390	390	390	390	390	0	720
557	5	63	1000	350	62	390	390	390	390	390	390	0	740
558	5	64	1000	350	63	390	390	390	390	390	390	0	760
559	5	65	1000	350	64	390	390	390	390	390	390	0	780
560	5	66	1000	350	65	390	390	390	390	390	390	0	800
561	5	67	1000	350	66	390	390	390	390	390	390	0	820
562	5	68	1000	350	67	390	390	390	390	390	390	0	840
563	5	69	1000	350	68	390	390	390	390	390	390	0	860
564	5	70	1000	350	69	390	390	390	390	390	390	0	880
565	5	71	1000	250	70	390	390	390	390	390	390	0	902
566	5	72	1000	250	71	390	390	390	390	390	390	0	924
567	5	73	1000	250	72	390	390	390	390	390	390	0	946
568	5	74	1000	250	73	390	390	390	390	390	390	0	968
569	5	75	1000	250	74	390	390	390	390	390	390	0	990
570	5	76	1000	250	75	390	390	390	390	390	390	0	1012
571	5	77	1000	250	76	390	390	390	390	390	390	0	1034
572	5	78	1000	250	77	390	390	390	390	390	390	0	1056
573	5	79	1000	250	78	390	390	390	390	390	390	0	1078
574	5	80	1000	250	79	390	390	390	390	390	390	0	1100
575	5	81	1000	250	80	390	390	390	390	390	390	0	1125
576	5	82	1000	200	81	390	390	390	390	390	390	0	1150
577	5	83	1000	200	82	390	390	390	390	390	390	0	1175
578	5	84	1000	200	83	390	390	390	390	390	390	0	1200
579	5	85	1000	200	84	390	390	390	390	390	390	0	1225
580	5	86	1000	200	85	390	390	390	390	390	390	0	1250
581	5	87	1000	200	86	390	390	390	390	390	390	0	1275
582	5	88	1000	200	87	390	390	390	390	390	390	0	1300
583	5	89	1000	200	88	390	390	390	390	390	390	0	1325
584	5	90	1000	100	89	390	390	390	390	390	390	0	1350
585	5	91	1000	100	90	390	390	390	390	390	390	0	1380
586	5	92	1000	100	91	390	390	390	390	390	390	0	1410
587	5	93	1000	100	92	390	390	390	390	390	390	0	1440
588	5	94	1000	100	93	390	390	390	390	390	390	0	1470
589	5	95	1000	100	94	390	390	390	390	390	390	0	1500
590	5	96	1000	100	95	390	390	390	390	390	390	0	1530
591	5	97	1000	100	96	390	390	390	390	390	390	0	1560
592	5	98	1000	100	97	390	390	390	390	390	390	0	1590
593	5	99	1000	100	98	390	390	390	390	390	390	0	1620
594	6	1	100	7500	0	20	20	20	20	20	20	2	0
595	6	2	115	6000	1	30	30	30	30	30	30	4	0
596	6	3	132	5000	2	42	42	42	42	42	42	6	0
597	6	4	151	4500	3	60	60	60	60	60	60	10	0
598	6	5	173	3500	4	88	88	88	88	88	88	14	0
599	6	6	199	3000	5	140	140	140	140	140	140	20	0
600	6	7	228	2000	6	186	186	186	186	186	186	26	0
601	6	8	261	1000	7	270	270	270	270	270	270	34	0
602	6	9	300	1000	8	390	390	390	390	390	390	42	0
603	6	10	344	10000	9	390	390	390	390	390	390	50	0
604	6	11	393	8000	10	390	390	390	390	390	390	58	0
605	6	12	447	7900	11	390	390	390	390	390	390	66	0
606	6	13	506	7800	12	390	390	390	390	390	390	74	0
607	6	14	570	7700	13	390	390	390	390	390	390	82	0
608	6	15	639	7600	14	390	390	390	390	390	390	90	0
609	6	16	713	7500	15	390	390	390	390	390	390	98	0
610	6	17	792	7400	16	390	390	390	390	390	390	106	0
611	6	18	876	7300	17	390	390	390	390	390	390	114	0
612	6	19	965	7200	18	390	390	390	390	390	390	122	0
613	6	20	1000	7000	19	390	390	390	390	390	390	130	0
614	6	21	1000	5500	20	390	390	390	390	390	390	140	0
615	6	22	1000	4000	21	390	390	390	390	390	390	150	0
616	6	23	1000	3000	22	390	390	390	390	390	390	160	0
617	6	24	1000	2200	23	390	390	390	390	390	390	170	0
618	6	25	1000	2000	24	390	390	390	390	390	390	180	0
619	6	26	1000	1700	25	390	390	390	390	390	390	190	0
620	6	27	1000	1500	26	390	390	390	390	390	390	200	0
621	6	28	1000	1400	27	390	390	390	390	390	390	210	0
622	6	29	1000	1300	28	390	390	390	390	390	390	220	0
623	6	30	1000	1200	29	390	390	390	390	390	390	230	0
624	6	31	1000	1000	30	390	390	390	390	390	390	242	0
625	6	32	1000	800	31	390	390	390	390	390	390	254	0
626	6	33	1000	700	32	390	390	390	390	390	390	266	0
627	6	34	1000	500	33	390	390	390	390	390	390	278	0
628	6	35	1000	420	34	390	390	390	390	390	390	290	0
629	6	36	1000	420	35	390	390	390	390	390	390	302	0
630	6	37	1000	420	36	390	390	390	390	390	390	314	0
631	6	38	1000	420	37	390	390	390	390	390	390	326	0
632	6	39	1000	420	38	390	390	390	390	390	390	338	0
633	6	40	1000	420	39	390	390	390	390	390	390	350	0
634	6	41	1000	420	40	390	390	390	390	390	390	365	0
635	6	42	1000	420	41	390	390	390	390	390	390	380	0
636	6	43	1000	420	42	390	390	390	390	390	390	395	0
637	6	44	1000	420	43	390	390	390	390	390	390	410	0
638	6	45	1000	420	44	390	390	390	390	390	390	425	0
639	6	46	1000	420	45	390	390	390	390	390	390	440	0
640	6	47	1000	420	46	390	390	390	390	390	390	455	0
641	6	48	1000	420	47	390	390	390	390	390	390	470	0
642	6	49	1000	420	48	390	390	390	390	390	390	485	0
643	6	50	1000	400	49	390	390	390	390	390	390	500	0
644	6	51	1000	400	50	390	390	390	390	390	390	518	0
645	6	52	1000	400	51	390	390	390	390	390	390	536	0
646	6	53	1000	400	52	390	390	390	390	390	390	554	0
647	6	54	1000	400	53	390	390	390	390	390	390	572	0
648	6	55	1000	400	54	390	390	390	390	390	390	590	0
649	6	56	1000	400	55	390	390	390	390	390	390	608	0
650	6	57	1000	400	56	390	390	390	390	390	390	626	0
651	6	58	1000	400	57	390	390	390	390	390	390	644	0
652	6	59	1000	400	58	390	390	390	390	390	390	662	0
653	6	60	1000	400	59	390	390	390	390	390	390	680	0
654	6	61	1000	350	60	390	390	390	390	390	390	700	0
655	6	62	1000	350	61	390	390	390	390	390	390	720	0
656	6	63	1000	350	62	390	390	390	390	390	390	740	0
657	6	64	1000	350	63	390	390	390	390	390	390	760	0
658	6	65	1000	350	64	390	390	390	390	390	390	780	0
659	6	66	1000	350	65	390	390	390	390	390	390	800	0
660	6	67	1000	350	66	390	390	390	390	390	390	820	0
661	6	68	1000	350	67	390	390	390	390	390	390	840	0
662	6	69	1000	350	68	390	390	390	390	390	390	860	0
663	6	70	1000	350	69	390	390	390	390	390	390	880	0
664	6	71	1000	250	70	390	390	390	390	390	390	902	0
665	6	72	1000	250	71	390	390	390	390	390	390	924	0
666	6	73	1000	250	72	390	390	390	390	390	390	946	0
667	6	74	1000	250	73	390	390	390	390	390	390	968	0
668	6	75	1000	250	74	390	390	390	390	390	390	990	0
669	6	76	1000	250	75	390	390	390	390	390	390	1012	0
670	6	77	1000	250	76	390	390	390	390	390	390	1034	0
671	6	78	1000	250	77	390	390	390	390	390	390	1056	0
672	6	79	1000	250	78	390	390	390	390	390	390	1078	0
673	6	80	1000	250	79	390	390	390	390	390	390	1100	0
674	6	81	1000	250	80	390	390	390	390	390	390	1125	0
675	6	82	1000	200	81	390	390	390	390	390	390	1150	0
676	6	83	1000	200	82	390	390	390	390	390	390	1175	0
677	6	84	1000	200	83	390	390	390	390	390	390	1200	0
678	6	85	1000	200	84	390	390	390	390	390	390	1225	0
679	6	86	1000	200	85	390	390	390	390	390	390	1250	0
680	6	87	1000	200	86	390	390	390	390	390	390	1275	0
681	6	88	1000	200	87	390	390	390	390	390	390	1300	0
682	6	89	1000	200	88	390	390	390	390	390	390	1325	0
683	6	90	1000	100	89	390	390	390	390	390	390	1350	0
684	6	91	1000	100	90	390	390	390	390	390	390	1380	0
685	6	92	1000	100	91	390	390	390	390	390	390	1410	0
686	6	93	1000	100	92	390	390	390	390	390	390	1440	0
687	6	94	1000	100	93	390	390	390	390	390	390	1470	0
688	6	95	1000	100	94	390	390	390	390	390	390	1500	0
689	6	96	1000	100	95	390	390	390	390	390	390	1530	0
690	6	97	1000	100	96	390	390	390	390	390	390	1560	0
691	6	98	1000	100	97	390	390	390	390	390	390	1590	0
692	6	99	1000	100	98	390	390	390	390	390	390	1620	0
693	7	1	100	7500	0	20	20	20	20	20	20	2	0
694	7	2	115	6000	1	30	30	30	30	30	30	4	0
695	7	3	132	5000	2	42	42	42	42	42	42	6	0
696	7	4	151	4500	3	60	60	60	60	60	60	10	0
697	7	5	173	3500	4	88	88	88	88	88	88	14	0
698	7	6	199	3000	5	140	140	140	140	140	140	20	0
699	7	7	228	2000	6	186	186	186	186	186	186	26	0
700	7	8	261	1000	7	270	270	270	270	270	270	34	0
701	7	9	300	1000	8	390	390	390	390	390	390	42	0
702	7	10	344	10000	9	390	390	390	390	390	390	50	0
703	7	11	393	8000	10	390	390	390	390	390	390	58	0
704	7	12	447	7900	11	390	390	390	390	390	390	66	0
705	7	13	506	7800	12	390	390	390	390	390	390	74	0
706	7	14	570	7700	13	390	390	390	390	390	390	82	0
707	7	15	639	7600	14	390	390	390	390	390	390	90	0
708	7	16	713	7500	15	390	390	390	390	390	390	98	0
709	7	17	792	7400	16	390	390	390	390	390	390	106	0
710	7	18	876	7300	17	390	390	390	390	390	390	114	0
711	7	19	965	7200	18	390	390	390	390	390	390	122	0
712	7	20	1000	7000	19	390	390	390	390	390	390	130	0
713	7	21	1000	5500	20	390	390	390	390	390	390	140	0
714	7	22	1000	4000	21	390	390	390	390	390	390	150	0
715	7	23	1000	3000	22	390	390	390	390	390	390	160	0
716	7	24	1000	2200	23	390	390	390	390	390	390	170	0
717	7	25	1000	2000	24	390	390	390	390	390	390	180	0
718	7	26	1000	1700	25	390	390	390	390	390	390	190	0
719	7	27	1000	1500	26	390	390	390	390	390	390	200	0
720	7	28	1000	1400	27	390	390	390	390	390	390	210	0
721	7	29	1000	1300	28	390	390	390	390	390	390	220	0
722	7	30	1000	1200	29	390	390	390	390	390	390	230	0
723	7	31	1000	1000	30	390	390	390	390	390	390	242	0
724	7	32	1000	800	31	390	390	390	390	390	390	254	0
725	7	33	1000	700	32	390	390	390	390	390	390	266	0
726	7	34	1000	500	33	390	390	390	390	390	390	278	0
727	7	35	1000	420	34	390	390	390	390	390	390	290	0
728	7	36	1000	420	35	390	390	390	390	390	390	302	0
729	7	37	1000	420	36	390	390	390	390	390	390	314	0
730	7	38	1000	420	37	390	390	390	390	390	390	326	0
731	7	39	1000	420	38	390	390	390	390	390	390	338	0
732	7	40	1000	420	39	390	390	390	390	390	390	350	0
733	7	41	1000	420	40	390	390	390	390	390	390	365	0
734	7	42	1000	420	41	390	390	390	390	390	390	380	0
735	7	43	1000	420	42	390	390	390	390	390	390	395	0
736	7	44	1000	420	43	390	390	390	390	390	390	410	0
737	7	45	1000	420	44	390	390	390	390	390	390	425	0
738	7	46	1000	420	45	390	390	390	390	390	390	440	0
739	7	47	1000	420	46	390	390	390	390	390	390	455	0
740	7	48	1000	420	47	390	390	390	390	390	390	470	0
741	7	49	1000	420	48	390	390	390	390	390	390	485	0
742	7	50	1000	400	49	390	390	390	390	390	390	500	0
743	7	51	1000	400	50	390	390	390	390	390	390	518	0
744	7	52	1000	400	51	390	390	390	390	390	390	536	0
745	7	53	1000	400	52	390	390	390	390	390	390	554	0
746	7	54	1000	400	53	390	390	390	390	390	390	572	0
747	7	55	1000	400	54	390	390	390	390	390	390	590	0
748	7	56	1000	400	55	390	390	390	390	390	390	608	0
749	7	57	1000	400	56	390	390	390	390	390	390	626	0
750	7	58	1000	400	57	390	390	390	390	390	390	644	0
751	7	59	1000	400	58	390	390	390	390	390	390	662	0
752	7	60	1000	400	59	390	390	390	390	390	390	680	0
753	7	61	1000	350	60	390	390	390	390	390	390	700	0
754	7	62	1000	350	61	390	390	390	390	390	390	720	0
755	7	63	1000	350	62	390	390	390	390	390	390	740	0
756	7	64	1000	350	63	390	390	390	390	390	390	760	0
757	7	65	1000	350	64	390	390	390	390	390	390	780	0
758	7	66	1000	350	65	390	390	390	390	390	390	800	0
759	7	67	1000	350	66	390	390	390	390	390	390	820	0
760	7	68	1000	350	67	390	390	390	390	390	390	840	0
761	7	69	1000	350	68	390	390	390	390	390	390	860	0
762	7	70	1000	350	69	390	390	390	390	390	390	880	0
763	7	71	1000	250	70	390	390	390	390	390	390	902	0
764	7	72	1000	250	71	390	390	390	390	390	390	924	0
765	7	73	1000	250	72	390	390	390	390	390	390	946	0
766	7	74	1000	250	73	390	390	390	390	390	390	968	0
767	7	75	1000	250	74	390	390	390	390	390	390	990	0
768	7	76	1000	250	75	390	390	390	390	390	390	1012	0
769	7	77	1000	250	76	390	390	390	390	390	390	1034	0
770	7	78	1000	250	77	390	390	390	390	390	390	1056	0
771	7	79	1000	250	78	390	390	390	390	390	390	1078	0
772	7	80	1000	250	79	390	390	390	390	390	390	1100	0
773	7	81	1000	250	80	390	390	390	390	390	390	1125	0
774	7	82	1000	200	81	390	390	390	390	390	390	1150	0
775	7	83	1000	200	82	390	390	390	390	390	390	1175	0
776	7	84	1000	200	83	390	390	390	390	390	390	1200	0
777	7	85	1000	200	84	390	390	390	390	390	390	1225	0
778	7	86	1000	200	85	390	390	390	390	390	390	1250	0
779	7	87	1000	200	86	390	390	390	390	390	390	1275	0
780	7	88	1000	200	87	390	390	390	390	390	390	1300	0
781	7	89	1000	200	88	390	390	390	390	390	390	1325	0
782	7	90	1000	100	89	390	390	390	390	390	390	1350	0
783	7	91	1000	100	90	390	390	390	390	390	390	1380	0
784	7	92	1000	100	91	390	390	390	390	390	390	1410	0
785	7	93	1000	100	92	390	390	390	390	390	390	1440	0
786	7	94	1000	100	93	390	390	390	390	390	390	1470	0
787	7	95	1000	100	94	390	390	390	390	390	390	1500	0
788	7	96	1000	100	95	390	390	390	390	390	390	1530	0
789	7	97	1000	100	96	390	390	390	390	390	390	1560	0
790	7	98	1000	100	97	390	390	390	390	390	390	1590	0
791	7	99	1000	100	98	390	390	390	390	390	390	1620	0
792	8	1	100	7500	0	10	10	10	10	10	10	0	0
793	8	2	115	6000	1	15	15	15	15	15	15	0	0
794	8	3	132	5000	2	21	21	21	21	21	21	0	0
795	8	4	151	4500	3	30	30	30	30	30	30	0	0
796	8	5	173	3500	4	44	44	44	44	44	44	0	0
797	8	6	199	3000	5	70	70	70	70	70	70	0	0
798	8	7	228	2000	6	93	93	93	93	93	93	0	0
799	8	8	261	1000	7	135	135	135	135	135	135	0	0
800	8	9	300	1000	8	195	195	195	195	195	195	0	0
801	8	10	344	10000	9	195	195	195	195	195	195	0	0
802	8	11	393	8000	10	195	195	195	195	195	195	0	0
803	8	12	447	7900	11	195	195	195	195	195	195	0	0
804	8	13	506	7800	12	195	195	195	195	195	195	0	0
805	8	14	570	7700	13	195	195	195	195	195	195	0	0
806	8	15	639	7600	14	195	195	195	195	195	195	0	0
807	8	16	713	7500	15	195	195	195	195	195	195	0	0
808	8	17	792	7400	16	195	195	195	195	195	195	0	0
809	8	18	876	7300	17	195	195	195	195	195	195	0	0
810	8	19	965	7200	18	195	195	195	195	195	195	0	0
811	8	20	1000	7000	19	195	195	195	195	195	195	0	0
812	8	21	1000	5500	20	195	195	195	195	195	195	0	0
813	8	22	1000	4000	21	195	195	195	195	195	195	0	0
814	8	23	1000	3000	22	195	195	195	195	195	195	0	0
815	8	24	1000	2200	23	195	195	195	195	195	195	0	0
816	8	25	1000	2000	24	195	195	195	195	195	195	0	0
817	8	26	1000	1700	25	195	195	195	195	195	195	0	0
818	8	27	1000	1500	26	195	195	195	195	195	195	0	0
819	8	28	1000	1400	27	195	195	195	195	195	195	0	0
820	8	29	1000	1300	28	195	195	195	195	195	195	0	0
821	8	30	1000	1200	29	195	195	195	195	195	195	0	0
822	8	31	1000	1000	30	195	195	195	195	195	195	0	0
823	8	32	1000	800	31	195	195	195	195	195	195	0	0
824	8	33	1000	700	32	195	195	195	195	195	195	0	0
825	8	34	1000	500	33	195	195	195	195	195	195	0	0
826	8	35	1000	420	34	195	195	195	195	195	195	0	0
827	8	36	1000	420	35	195	195	195	195	195	195	0	0
828	8	37	1000	420	36	195	195	195	195	195	195	0	0
829	8	38	1000	420	37	195	195	195	195	195	195	0	0
830	8	39	1000	420	38	195	195	195	195	195	195	0	0
831	8	40	1000	420	39	195	195	195	195	195	195	0	0
832	8	41	1000	420	40	195	195	195	195	195	195	0	0
833	8	42	1000	420	41	195	195	195	195	195	195	0	0
834	8	43	1000	420	42	195	195	195	195	195	195	0	0
835	8	44	1000	420	43	195	195	195	195	195	195	0	0
836	8	45	1000	420	44	195	195	195	195	195	195	0	0
837	8	46	1000	420	45	195	195	195	195	195	195	0	0
838	8	47	1000	420	46	195	195	195	195	195	195	0	0
839	8	48	1000	420	47	195	195	195	195	195	195	0	0
840	8	49	1000	420	48	195	195	195	195	195	195	0	0
841	8	50	1000	400	49	195	195	195	195	195	195	0	0
842	8	51	1000	400	50	195	195	195	195	195	195	0	0
843	8	52	1000	400	51	195	195	195	195	195	195	0	0
844	8	53	1000	400	52	195	195	195	195	195	195	0	0
845	8	54	1000	400	53	195	195	195	195	195	195	0	0
846	8	55	1000	400	54	195	195	195	195	195	195	0	0
847	8	56	1000	400	55	195	195	195	195	195	195	0	0
848	8	57	1000	400	56	195	195	195	195	195	195	0	0
849	8	58	1000	400	57	195	195	195	195	195	195	0	0
850	8	59	1000	400	58	195	195	195	195	195	195	0	0
851	8	60	1000	400	59	195	195	195	195	195	195	0	0
852	8	61	1000	350	60	195	195	195	195	195	195	0	0
853	8	62	1000	350	61	195	195	195	195	195	195	0	0
854	8	63	1000	350	62	195	195	195	195	195	195	0	0
855	8	64	1000	350	63	195	195	195	195	195	195	0	0
856	8	65	1000	350	64	195	195	195	195	195	195	0	0
857	8	66	1000	350	65	195	195	195	195	195	195	0	0
858	8	67	1000	350	66	195	195	195	195	195	195	0	0
859	8	68	1000	350	67	195	195	195	195	195	195	0	0
860	8	69	1000	350	68	195	195	195	195	195	195	0	0
861	8	70	1000	350	69	195	195	195	195	195	195	0	0
862	8	71	1000	250	70	195	195	195	195	195	195	0	0
863	8	72	1000	250	71	195	195	195	195	195	195	0	0
864	8	73	1000	250	72	195	195	195	195	195	195	0	0
865	8	74	1000	250	73	195	195	195	195	195	195	0	0
866	8	75	1000	250	74	195	195	195	195	195	195	0	0
867	8	76	1000	250	75	195	195	195	195	195	195	0	0
868	8	77	1000	250	76	195	195	195	195	195	195	0	0
869	8	78	1000	250	77	195	195	195	195	195	195	0	0
870	8	79	1000	250	78	195	195	195	195	195	195	0	0
871	8	80	1000	250	79	195	195	195	195	195	195	0	0
872	8	81	1000	250	80	195	195	195	195	195	195	0	0
873	8	82	1000	200	81	195	195	195	195	195	195	0	0
874	8	83	1000	200	82	195	195	195	195	195	195	0	0
875	8	84	1000	200	83	195	195	195	195	195	195	0	0
876	8	85	1000	200	84	195	195	195	195	195	195	0	0
877	8	86	1000	200	85	195	195	195	195	195	195	0	0
878	8	87	1000	200	86	195	195	195	195	195	195	0	0
879	8	88	1000	200	87	195	195	195	195	195	195	0	0
880	8	89	1000	200	88	195	195	195	195	195	195	0	0
881	8	90	1000	100	89	195	195	195	195	195	195	0	0
882	8	91	1000	100	90	195	195	195	195	195	195	0	0
883	8	92	1000	100	91	195	195	195	195	195	195	0	0
884	8	93	1000	100	92	195	195	195	195	195	195	0	0
885	8	94	1000	100	93	195	195	195	195	195	195	0	0
886	8	95	1000	100	94	195	195	195	195	195	195	0	0
887	8	96	1000	100	95	195	195	195	195	195	195	0	0
888	8	97	1000	100	96	195	195	195	195	195	195	0	0
889	8	98	1000	100	97	195	195	195	195	195	195	0	0
890	8	99	1000	100	98	195	195	195	195	195	195	0	0
891	9	1	100	7500	0	10	10	10	10	10	10	0	0
892	9	2	115	6000	1	15	15	15	15	15	15	0	0
893	9	3	132	5000	2	21	21	21	21	21	21	0	0
894	9	4	151	4500	3	30	30	30	30	30	30	0	0
895	9	5	173	3500	4	44	44	44	44	44	44	0	0
896	9	6	199	3000	5	70	70	70	70	70	70	0	0
897	9	7	228	2000	6	93	93	93	93	93	93	0	0
898	9	8	261	1000	7	135	135	135	135	135	135	0	0
899	9	9	300	1000	8	195	195	195	195	195	195	0	0
900	9	10	344	10000	9	195	195	195	195	195	195	0	0
901	9	11	393	8000	10	195	195	195	195	195	195	0	0
902	9	12	447	7900	11	195	195	195	195	195	195	0	0
903	9	13	506	7800	12	195	195	195	195	195	195	0	0
904	9	14	570	7700	13	195	195	195	195	195	195	0	0
905	9	15	639	7600	14	195	195	195	195	195	195	0	0
906	9	16	713	7500	15	195	195	195	195	195	195	0	0
907	9	17	792	7400	16	195	195	195	195	195	195	0	0
908	9	18	876	7300	17	195	195	195	195	195	195	0	0
909	9	19	965	7200	18	195	195	195	195	195	195	0	0
910	9	20	1000	7000	19	195	195	195	195	195	195	0	0
911	9	21	1000	5500	20	195	195	195	195	195	195	0	0
912	9	22	1000	4000	21	195	195	195	195	195	195	0	0
913	9	23	1000	3000	22	195	195	195	195	195	195	0	0
914	9	24	1000	2200	23	195	195	195	195	195	195	0	0
915	9	25	1000	2000	24	195	195	195	195	195	195	0	0
916	9	26	1000	1700	25	195	195	195	195	195	195	0	0
917	9	27	1000	1500	26	195	195	195	195	195	195	0	0
918	9	28	1000	1400	27	195	195	195	195	195	195	0	0
919	9	29	1000	1300	28	195	195	195	195	195	195	0	0
920	9	30	1000	1200	29	195	195	195	195	195	195	0	0
921	9	31	1000	1000	30	195	195	195	195	195	195	0	0
922	9	32	1000	800	31	195	195	195	195	195	195	0	0
923	9	33	1000	700	32	195	195	195	195	195	195	0	0
924	9	34	1000	500	33	195	195	195	195	195	195	0	0
925	9	35	1000	420	34	195	195	195	195	195	195	0	0
926	9	36	1000	420	35	195	195	195	195	195	195	0	0
927	9	37	1000	420	36	195	195	195	195	195	195	0	0
928	9	38	1000	420	37	195	195	195	195	195	195	0	0
929	9	39	1000	420	38	195	195	195	195	195	195	0	0
930	9	40	1000	420	39	195	195	195	195	195	195	0	0
931	9	41	1000	420	40	195	195	195	195	195	195	0	0
932	9	42	1000	420	41	195	195	195	195	195	195	0	0
933	9	43	1000	420	42	195	195	195	195	195	195	0	0
934	9	44	1000	420	43	195	195	195	195	195	195	0	0
935	9	45	1000	420	44	195	195	195	195	195	195	0	0
936	9	46	1000	420	45	195	195	195	195	195	195	0	0
937	9	47	1000	420	46	195	195	195	195	195	195	0	0
938	9	48	1000	420	47	195	195	195	195	195	195	0	0
939	9	49	1000	420	48	195	195	195	195	195	195	0	0
940	9	50	1000	400	49	195	195	195	195	195	195	0	0
941	9	51	1000	400	50	195	195	195	195	195	195	0	0
942	9	52	1000	400	51	195	195	195	195	195	195	0	0
943	9	53	1000	400	52	195	195	195	195	195	195	0	0
944	9	54	1000	400	53	195	195	195	195	195	195	0	0
945	9	55	1000	400	54	195	195	195	195	195	195	0	0
946	9	56	1000	400	55	195	195	195	195	195	195	0	0
947	9	57	1000	400	56	195	195	195	195	195	195	0	0
948	9	58	1000	400	57	195	195	195	195	195	195	0	0
949	9	59	1000	400	58	195	195	195	195	195	195	0	0
950	9	60	1000	400	59	195	195	195	195	195	195	0	0
951	9	61	1000	350	60	195	195	195	195	195	195	0	0
952	9	62	1000	350	61	195	195	195	195	195	195	0	0
953	9	63	1000	350	62	195	195	195	195	195	195	0	0
954	9	64	1000	350	63	195	195	195	195	195	195	0	0
955	9	65	1000	350	64	195	195	195	195	195	195	0	0
956	9	66	1000	350	65	195	195	195	195	195	195	0	0
957	9	67	1000	350	66	195	195	195	195	195	195	0	0
958	9	68	1000	350	67	195	195	195	195	195	195	0	0
959	9	69	1000	350	68	195	195	195	195	195	195	0	0
960	9	70	1000	350	69	195	195	195	195	195	195	0	0
961	9	71	1000	250	70	195	195	195	195	195	195	0	0
962	9	72	1000	250	71	195	195	195	195	195	195	0	0
963	9	73	1000	250	72	195	195	195	195	195	195	0	0
964	9	74	1000	250	73	195	195	195	195	195	195	0	0
965	9	75	1000	250	74	195	195	195	195	195	195	0	0
966	9	76	1000	250	75	195	195	195	195	195	195	0	0
967	9	77	1000	250	76	195	195	195	195	195	195	0	0
968	9	78	1000	250	77	195	195	195	195	195	195	0	0
969	9	79	1000	250	78	195	195	195	195	195	195	0	0
970	9	80	1000	250	79	195	195	195	195	195	195	0	0
971	9	81	1000	250	80	195	195	195	195	195	195	0	0
972	9	82	1000	200	81	195	195	195	195	195	195	0	0
973	9	83	1000	200	82	195	195	195	195	195	195	0	0
974	9	84	1000	200	83	195	195	195	195	195	195	0	0
975	9	85	1000	200	84	195	195	195	195	195	195	0	0
976	9	86	1000	200	85	195	195	195	195	195	195	0	0
977	9	87	1000	200	86	195	195	195	195	195	195	0	0
978	9	88	1000	200	87	195	195	195	195	195	195	0	0
979	9	89	1000	200	88	195	195	195	195	195	195	0	0
980	9	90	1000	100	89	195	195	195	195	195	195	0	0
981	9	91	1000	100	90	195	195	195	195	195	195	0	0
982	9	92	1000	100	91	195	195	195	195	195	195	0	0
983	9	93	1000	100	92	195	195	195	195	195	195	0	0
984	9	94	1000	100	93	195	195	195	195	195	195	0	0
985	9	95	1000	100	94	195	195	195	195	195	195	0	0
986	9	96	1000	100	95	195	195	195	195	195	195	0	0
987	9	97	1000	100	96	195	195	195	195	195	195	0	0
988	9	98	1000	100	97	195	195	195	195	195	195	0	0
989	9	99	1000	100	98	195	195	195	195	195	195	0	0
990	10	1	100	7500	0	10	10	10	10	10	10	2	0
991	10	2	115	6000	1	15	15	15	15	15	15	4	0
992	10	3	132	5000	2	21	21	21	21	21	21	6	0
993	10	4	151	4500	3	30	30	30	30	30	30	10	0
994	10	5	173	3500	4	44	44	44	44	44	44	14	0
995	10	6	199	3000	5	70	70	70	70	70	70	20	0
996	10	7	228	2000	6	93	93	93	93	93	93	26	0
997	10	8	261	1000	7	135	135	135	135	135	135	34	0
998	10	9	300	1000	8	195	195	195	195	195	195	42	0
999	10	10	344	10000	9	195	195	195	195	195	195	50	0
1000	10	11	393	8000	10	195	195	195	195	195	195	58	0
1001	10	12	447	7900	11	195	195	195	195	195	195	66	0
1002	10	13	506	7800	12	195	195	195	195	195	195	74	0
1003	10	14	570	7700	13	195	195	195	195	195	195	82	0
1004	10	15	639	7600	14	195	195	195	195	195	195	90	0
1005	10	16	713	7500	15	195	195	195	195	195	195	98	0
1006	10	17	792	7400	16	195	195	195	195	195	195	106	0
1007	10	18	876	7300	17	195	195	195	195	195	195	114	0
1008	10	19	965	7200	18	195	195	195	195	195	195	122	0
1009	10	20	1000	7000	19	195	195	195	195	195	195	130	0
1010	10	21	1000	5500	20	195	195	195	195	195	195	140	0
1011	10	22	1000	4000	21	195	195	195	195	195	195	150	0
1012	10	23	1000	3000	22	195	195	195	195	195	195	160	0
1013	10	24	1000	2200	23	195	195	195	195	195	195	170	0
1014	10	25	1000	2000	24	195	195	195	195	195	195	180	0
1015	10	26	1000	1700	25	195	195	195	195	195	195	190	0
1016	10	27	1000	1500	26	195	195	195	195	195	195	200	0
1017	10	28	1000	1400	27	195	195	195	195	195	195	210	0
1018	10	29	1000	1300	28	195	195	195	195	195	195	220	0
1019	10	30	1000	1200	29	195	195	195	195	195	195	230	0
1020	10	31	1000	1000	30	195	195	195	195	195	195	242	0
1021	10	32	1000	800	31	195	195	195	195	195	195	254	0
1022	10	33	1000	700	32	195	195	195	195	195	195	266	0
1023	10	34	1000	500	33	195	195	195	195	195	195	278	0
1024	10	35	1000	420	34	195	195	195	195	195	195	290	0
1025	10	36	1000	420	35	195	195	195	195	195	195	302	0
1026	10	37	1000	420	36	195	195	195	195	195	195	314	0
1027	10	38	1000	420	37	195	195	195	195	195	195	326	0
1028	10	39	1000	420	38	195	195	195	195	195	195	338	0
1029	10	40	1000	420	39	195	195	195	195	195	195	350	0
1030	10	41	1000	420	40	195	195	195	195	195	195	365	0
1031	10	42	1000	420	41	195	195	195	195	195	195	380	0
1032	10	43	1000	420	42	195	195	195	195	195	195	395	0
1033	10	44	1000	420	43	195	195	195	195	195	195	410	0
1034	10	45	1000	420	44	195	195	195	195	195	195	425	0
1035	10	46	1000	420	45	195	195	195	195	195	195	440	0
1036	10	47	1000	420	46	195	195	195	195	195	195	455	0
1037	10	48	1000	420	47	195	195	195	195	195	195	470	0
1038	10	49	1000	420	48	195	195	195	195	195	195	485	0
1039	10	50	1000	400	49	195	195	195	195	195	195	500	0
1040	10	51	1000	400	50	195	195	195	195	195	195	518	0
1041	10	52	1000	400	51	195	195	195	195	195	195	536	0
1042	10	53	1000	400	52	195	195	195	195	195	195	554	0
1043	10	54	1000	400	53	195	195	195	195	195	195	572	0
1044	10	55	1000	400	54	195	195	195	195	195	195	590	0
1045	10	56	1000	400	55	195	195	195	195	195	195	608	0
1046	10	57	1000	400	56	195	195	195	195	195	195	626	0
1047	10	58	1000	400	57	195	195	195	195	195	195	644	0
1048	10	59	1000	400	58	195	195	195	195	195	195	662	0
1049	10	60	1000	400	59	195	195	195	195	195	195	680	0
1050	10	61	1000	350	60	195	195	195	195	195	195	700	0
1051	10	62	1000	350	61	195	195	195	195	195	195	720	0
1052	10	63	1000	350	62	195	195	195	195	195	195	740	0
1053	10	64	1000	350	63	195	195	195	195	195	195	760	0
1054	10	65	1000	350	64	195	195	195	195	195	195	780	0
1055	10	66	1000	350	65	195	195	195	195	195	195	800	0
1056	10	67	1000	350	66	195	195	195	195	195	195	820	0
1057	10	68	1000	350	67	195	195	195	195	195	195	840	0
1058	10	69	1000	350	68	195	195	195	195	195	195	860	0
1059	10	70	1000	350	69	195	195	195	195	195	195	880	0
1060	10	71	1000	250	70	195	195	195	195	195	195	902	0
1061	10	72	1000	250	71	195	195	195	195	195	195	924	0
1062	10	73	1000	250	72	195	195	195	195	195	195	946	0
1063	10	74	1000	250	73	195	195	195	195	195	195	968	0
1064	10	75	1000	250	74	195	195	195	195	195	195	990	0
1065	10	76	1000	250	75	195	195	195	195	195	195	1012	0
1066	10	77	1000	250	76	195	195	195	195	195	195	1034	0
1067	10	78	1000	250	77	195	195	195	195	195	195	1056	0
1068	10	79	1000	250	78	195	195	195	195	195	195	1078	0
1069	10	80	1000	250	79	195	195	195	195	195	195	1100	0
1070	10	81	1000	250	80	195	195	195	195	195	195	1125	0
1071	10	82	1000	200	81	195	195	195	195	195	195	1150	0
1072	10	83	1000	200	82	195	195	195	195	195	195	1175	0
1073	10	84	1000	200	83	195	195	195	195	195	195	1200	0
1074	10	85	1000	200	84	195	195	195	195	195	195	1225	0
1075	10	86	1000	200	85	195	195	195	195	195	195	1250	0
1076	10	87	1000	200	86	195	195	195	195	195	195	1275	0
1077	10	88	1000	200	87	195	195	195	195	195	195	1300	0
1078	10	89	1000	200	88	195	195	195	195	195	195	1325	0
1079	10	90	1000	100	89	195	195	195	195	195	195	1350	0
1080	10	91	1000	100	90	195	195	195	195	195	195	1380	0
1081	10	92	1000	100	91	195	195	195	195	195	195	1410	0
1082	10	93	1000	100	92	195	195	195	195	195	195	1440	0
1083	10	94	1000	100	93	195	195	195	195	195	195	1470	0
1084	10	95	1000	100	94	195	195	195	195	195	195	1500	0
1085	10	96	1000	100	95	195	195	195	195	195	195	1530	0
1086	10	97	1000	100	96	195	195	195	195	195	195	1560	0
1087	10	98	1000	100	97	195	195	195	195	195	195	1590	0
1088	10	99	1000	100	98	195	195	195	195	195	195	1620	0
1089	11	1	100	7500	0	20	20	20	20	20	20	0	0
1090	11	2	115	6000	1	30	30	30	30	30	30	0	0
1091	11	3	132	5000	2	42	42	42	42	42	42	0	0
1092	11	4	151	4500	3	60	60	60	60	60	60	0	0
1093	11	5	173	3500	4	88	88	88	88	88	88	0	0
1094	11	6	199	3000	5	140	140	140	140	140	140	0	0
1095	11	7	228	2000	6	186	186	186	186	186	186	0	0
1096	11	8	261	1000	7	270	270	270	270	270	270	0	0
1097	11	9	300	1000	8	390	390	390	390	390	390	0	0
1098	11	10	344	10000	9	390	390	390	390	390	390	0	0
1099	11	11	393	8000	10	390	390	390	390	390	390	0	0
1100	11	12	447	7900	11	390	390	390	390	390	390	0	0
1101	11	13	506	7800	12	390	390	390	390	390	390	0	0
1102	11	14	570	7700	13	390	390	390	390	390	390	0	0
1103	11	15	639	7600	14	390	390	390	390	390	390	0	0
1104	11	16	713	7500	15	390	390	390	390	390	390	0	0
1105	11	17	792	7400	16	390	390	390	390	390	390	0	0
1106	11	18	876	7300	17	390	390	390	390	390	390	0	0
1107	11	19	965	7200	18	390	390	390	390	390	390	0	0
1108	11	20	1000	7000	19	390	390	390	390	390	390	0	0
1109	11	21	1000	5500	20	390	390	390	390	390	390	0	0
1110	11	22	1000	4000	21	390	390	390	390	390	390	0	0
1111	11	23	1000	3000	22	390	390	390	390	390	390	0	0
1112	11	24	1000	2200	23	390	390	390	390	390	390	0	0
1113	11	25	1000	2000	24	390	390	390	390	390	390	0	0
1114	11	26	1000	1700	25	390	390	390	390	390	390	0	0
1115	11	27	1000	1500	26	390	390	390	390	390	390	0	0
1116	11	28	1000	1400	27	390	390	390	390	390	390	0	0
1117	11	29	1000	1300	28	390	390	390	390	390	390	0	0
1118	11	30	1000	1200	29	390	390	390	390	390	390	0	0
1119	11	31	1000	1000	30	390	390	390	390	390	390	0	0
1120	11	32	1000	800	31	390	390	390	390	390	390	0	0
1121	11	33	1000	700	32	390	390	390	390	390	390	0	0
1122	11	34	1000	500	33	390	390	390	390	390	390	0	0
1123	11	35	1000	420	34	390	390	390	390	390	390	0	0
1124	11	36	1000	420	35	390	390	390	390	390	390	0	0
1125	11	37	1000	420	36	390	390	390	390	390	390	0	0
1126	11	38	1000	420	37	390	390	390	390	390	390	0	0
1127	11	39	1000	420	38	390	390	390	390	390	390	0	0
1128	11	40	1000	420	39	390	390	390	390	390	390	0	0
1129	11	41	1000	420	40	390	390	390	390	390	390	0	0
1130	11	42	1000	420	41	390	390	390	390	390	390	0	0
1131	11	43	1000	420	42	390	390	390	390	390	390	0	0
1132	11	44	1000	420	43	390	390	390	390	390	390	0	0
1133	11	45	1000	420	44	390	390	390	390	390	390	0	0
1134	11	46	1000	420	45	390	390	390	390	390	390	0	0
1135	11	47	1000	420	46	390	390	390	390	390	390	0	0
1136	11	48	1000	420	47	390	390	390	390	390	390	0	0
1137	11	49	1000	420	48	390	390	390	390	390	390	0	0
1138	11	50	1000	400	49	390	390	390	390	390	390	0	0
1139	11	51	1000	400	50	390	390	390	390	390	390	0	0
1140	11	52	1000	400	51	390	390	390	390	390	390	0	0
1141	11	53	1000	400	52	390	390	390	390	390	390	0	0
1142	11	54	1000	400	53	390	390	390	390	390	390	0	0
1143	11	55	1000	400	54	390	390	390	390	390	390	0	0
1144	11	56	1000	400	55	390	390	390	390	390	390	0	0
1145	11	57	1000	400	56	390	390	390	390	390	390	0	0
1146	11	58	1000	400	57	390	390	390	390	390	390	0	0
1147	11	59	1000	400	58	390	390	390	390	390	390	0	0
1148	11	60	1000	400	59	390	390	390	390	390	390	0	0
1149	11	61	1000	350	60	390	390	390	390	390	390	0	0
1150	11	62	1000	350	61	390	390	390	390	390	390	0	0
1151	11	63	1000	350	62	390	390	390	390	390	390	0	0
1152	11	64	1000	350	63	390	390	390	390	390	390	0	0
1153	11	65	1000	350	64	390	390	390	390	390	390	0	0
1154	11	66	1000	350	65	390	390	390	390	390	390	0	0
1155	11	67	1000	350	66	390	390	390	390	390	390	0	0
1156	11	68	1000	350	67	390	390	390	390	390	390	0	0
1157	11	69	1000	350	68	390	390	390	390	390	390	0	0
1158	11	70	1000	350	69	390	390	390	390	390	390	0	0
1159	11	71	1000	250	70	390	390	390	390	390	390	0	0
1160	11	72	1000	250	71	390	390	390	390	390	390	0	0
1161	11	73	1000	250	72	390	390	390	390	390	390	0	0
1162	11	74	1000	250	73	390	390	390	390	390	390	0	0
1163	11	75	1000	250	74	390	390	390	390	390	390	0	0
1164	11	76	1000	250	75	390	390	390	390	390	390	0	0
1165	11	77	1000	250	76	390	390	390	390	390	390	0	0
1166	11	78	1000	250	77	390	390	390	390	390	390	0	0
1167	11	79	1000	250	78	390	390	390	390	390	390	0	0
1168	11	80	1000	250	79	390	390	390	390	390	390	0	0
1169	11	81	1000	250	80	390	390	390	390	390	390	0	0
1170	11	82	1000	200	81	390	390	390	390	390	390	0	0
1171	11	83	1000	200	82	390	390	390	390	390	390	0	0
1172	11	84	1000	200	83	390	390	390	390	390	390	0	0
1173	11	85	1000	200	84	390	390	390	390	390	390	0	0
1174	11	86	1000	200	85	390	390	390	390	390	390	0	0
1175	11	87	1000	200	86	390	390	390	390	390	390	0	0
1176	11	88	1000	200	87	390	390	390	390	390	390	0	0
1177	11	89	1000	200	88	390	390	390	390	390	390	0	0
1178	11	90	1000	100	89	390	390	390	390	390	390	0	0
1179	11	91	1000	100	90	390	390	390	390	390	390	0	0
1180	11	92	1000	100	91	390	390	390	390	390	390	0	0
1181	11	93	1000	100	92	390	390	390	390	390	390	0	0
1182	11	94	1000	100	93	390	390	390	390	390	390	0	0
1183	11	95	1000	100	94	390	390	390	390	390	390	0	0
1184	11	96	1000	100	95	390	390	390	390	390	390	0	0
1185	11	97	1000	100	96	390	390	390	390	390	390	0	0
1186	11	98	1000	100	97	390	390	390	390	390	390	0	0
1187	11	99	1000	100	98	390	390	390	390	390	390	0	0
1188	12	1	100	7500	0	20	20	20	20	20	20	2	0
1189	12	2	115	6000	1	30	30	30	30	30	30	4	0
1190	12	3	132	5000	2	42	42	42	42	42	42	6	0
1191	12	4	151	4500	3	60	60	60	60	60	60	10	0
1192	12	5	173	3500	4	88	88	88	88	88	88	14	0
1193	12	6	199	3000	5	140	140	140	140	140	140	20	0
1194	12	7	228	2000	6	186	186	186	186	186	186	26	0
1195	12	8	261	1000	7	270	270	270	270	270	270	34	0
1196	12	9	300	1000	8	390	390	390	390	390	390	42	0
1197	12	10	344	10000	9	390	390	390	390	390	390	50	0
1198	12	11	393	8000	10	390	390	390	390	390	390	58	0
1199	12	12	447	7900	11	390	390	390	390	390	390	66	0
1200	12	13	506	7800	12	390	390	390	390	390	390	74	0
1201	12	14	570	7700	13	390	390	390	390	390	390	82	0
1202	12	15	639	7600	14	390	390	390	390	390	390	90	0
1203	12	16	713	7500	15	390	390	390	390	390	390	98	0
1204	12	17	792	7400	16	390	390	390	390	390	390	106	0
1205	12	18	876	7300	17	390	390	390	390	390	390	114	0
1206	12	19	965	7200	18	390	390	390	390	390	390	122	0
1207	12	20	1000	7000	19	390	390	390	390	390	390	130	0
1208	12	21	1000	5500	20	390	390	390	390	390	390	140	0
1209	12	22	1000	4000	21	390	390	390	390	390	390	150	0
1210	12	23	1000	3000	22	390	390	390	390	390	390	160	0
1211	12	24	1000	2200	23	390	390	390	390	390	390	170	0
1212	12	25	1000	2000	24	390	390	390	390	390	390	180	0
1213	12	26	1000	1700	25	390	390	390	390	390	390	190	0
1214	12	27	1000	1500	26	390	390	390	390	390	390	200	0
1215	12	28	1000	1400	27	390	390	390	390	390	390	210	0
1216	12	29	1000	1300	28	390	390	390	390	390	390	220	0
1217	12	30	1000	1200	29	390	390	390	390	390	390	230	0
1218	12	31	1000	1000	30	390	390	390	390	390	390	242	0
1219	12	32	1000	800	31	390	390	390	390	390	390	254	0
1220	12	33	1000	700	32	390	390	390	390	390	390	266	0
1221	12	34	1000	500	33	390	390	390	390	390	390	278	0
1222	12	35	1000	420	34	390	390	390	390	390	390	290	0
1223	12	36	1000	420	35	390	390	390	390	390	390	302	0
1224	12	37	1000	420	36	390	390	390	390	390	390	314	0
1225	12	38	1000	420	37	390	390	390	390	390	390	326	0
1226	12	39	1000	420	38	390	390	390	390	390	390	338	0
1227	12	40	1000	420	39	390	390	390	390	390	390	350	0
1228	12	41	1000	420	40	390	390	390	390	390	390	365	0
1229	12	42	1000	420	41	390	390	390	390	390	390	380	0
1230	12	43	1000	420	42	390	390	390	390	390	390	395	0
1231	12	44	1000	420	43	390	390	390	390	390	390	410	0
1232	12	45	1000	420	44	390	390	390	390	390	390	425	0
1233	12	46	1000	420	45	390	390	390	390	390	390	440	0
1234	12	47	1000	420	46	390	390	390	390	390	390	455	0
1235	12	48	1000	420	47	390	390	390	390	390	390	470	0
1236	12	49	1000	420	48	390	390	390	390	390	390	485	0
1237	12	50	1000	400	49	390	390	390	390	390	390	500	0
1238	12	51	1000	400	50	390	390	390	390	390	390	518	0
1239	12	52	1000	400	51	390	390	390	390	390	390	536	0
1240	12	53	1000	400	52	390	390	390	390	390	390	554	0
1241	12	54	1000	400	53	390	390	390	390	390	390	572	0
1242	12	55	1000	400	54	390	390	390	390	390	390	590	0
1243	12	56	1000	400	55	390	390	390	390	390	390	608	0
1244	12	57	1000	400	56	390	390	390	390	390	390	626	0
1245	12	58	1000	400	57	390	390	390	390	390	390	644	0
1246	12	59	1000	400	58	390	390	390	390	390	390	662	0
1247	12	60	1000	400	59	390	390	390	390	390	390	680	0
1248	12	61	1000	350	60	390	390	390	390	390	390	700	0
1249	12	62	1000	350	61	390	390	390	390	390	390	720	0
1250	12	63	1000	350	62	390	390	390	390	390	390	740	0
1251	12	64	1000	350	63	390	390	390	390	390	390	760	0
1252	12	65	1000	350	64	390	390	390	390	390	390	780	0
1253	12	66	1000	350	65	390	390	390	390	390	390	800	0
1254	12	67	1000	350	66	390	390	390	390	390	390	820	0
1255	12	68	1000	350	67	390	390	390	390	390	390	840	0
1256	12	69	1000	350	68	390	390	390	390	390	390	860	0
1257	12	70	1000	350	69	390	390	390	390	390	390	880	0
1258	12	71	1000	250	70	390	390	390	390	390	390	902	0
1259	12	72	1000	250	71	390	390	390	390	390	390	924	0
1260	12	73	1000	250	72	390	390	390	390	390	390	946	0
1261	12	74	1000	250	73	390	390	390	390	390	390	968	0
1262	12	75	1000	250	74	390	390	390	390	390	390	990	0
1263	12	76	1000	250	75	390	390	390	390	390	390	1012	0
1264	12	77	1000	250	76	390	390	390	390	390	390	1034	0
1265	12	78	1000	250	77	390	390	390	390	390	390	1056	0
1266	12	79	1000	250	78	390	390	390	390	390	390	1078	0
1267	12	80	1000	250	79	390	390	390	390	390	390	1100	0
1268	12	81	1000	250	80	390	390	390	390	390	390	1125	0
1269	12	82	1000	200	81	390	390	390	390	390	390	1150	0
1270	12	83	1000	200	82	390	390	390	390	390	390	1175	0
1271	12	84	1000	200	83	390	390	390	390	390	390	1200	0
1272	12	85	1000	200	84	390	390	390	390	390	390	1225	0
1273	12	86	1000	200	85	390	390	390	390	390	390	1250	0
1274	12	87	1000	200	86	390	390	390	390	390	390	1275	0
1275	12	88	1000	200	87	390	390	390	390	390	390	1300	0
1276	12	89	1000	200	88	390	390	390	390	390	390	1325	0
1277	12	90	1000	100	89	390	390	390	390	390	390	1350	0
1278	12	91	1000	100	90	390	390	390	390	390	390	1380	0
1279	12	92	1000	100	91	390	390	390	390	390	390	1410	0
1280	12	93	1000	100	92	390	390	390	390	390	390	1440	0
1281	12	94	1000	100	93	390	390	390	390	390	390	1470	0
1282	12	95	1000	100	94	390	390	390	390	390	390	1500	0
1283	12	96	1000	100	95	390	390	390	390	390	390	1530	0
1284	12	97	1000	100	96	390	390	390	390	390	390	1560	0
1285	12	98	1000	100	97	390	390	390	390	390	390	1590	0
1286	12	99	1000	100	98	390	390	390	390	390	390	1620	0
1287	13	1	100	7500	0	20	20	20	20	20	20	0	0
1288	13	2	115	6000	1	30	30	30	30	30	30	0	0
1289	13	3	132	5000	2	42	42	42	42	42	42	0	0
1290	13	4	151	4500	3	60	60	60	60	60	60	0	0
1291	13	5	173	3500	4	88	88	88	88	88	88	0	0
1292	13	6	199	3000	5	140	140	140	140	140	140	0	0
1293	13	7	228	2000	6	186	186	186	186	186	186	0	0
1294	13	8	261	1000	7	270	270	270	270	270	270	0	0
1295	13	9	300	1000	8	390	390	390	390	390	390	0	0
1296	13	10	344	10000	9	390	390	390	390	390	390	0	0
1297	13	11	393	8000	10	390	390	390	390	390	390	0	0
1298	13	12	447	7900	11	390	390	390	390	390	390	0	0
1299	13	13	506	7800	12	390	390	390	390	390	390	0	0
1300	13	14	570	7700	13	390	390	390	390	390	390	0	0
1301	13	15	639	7600	14	390	390	390	390	390	390	0	0
1302	13	16	713	7500	15	390	390	390	390	390	390	0	0
1303	13	17	792	7400	16	390	390	390	390	390	390	0	0
1304	13	18	876	7300	17	390	390	390	390	390	390	0	0
1305	13	19	965	7200	18	390	390	390	390	390	390	0	0
1306	13	20	1000	7000	19	390	390	390	390	390	390	0	0
1307	13	21	1000	5500	20	390	390	390	390	390	390	0	0
1308	13	22	1000	4000	21	390	390	390	390	390	390	0	0
1309	13	23	1000	3000	22	390	390	390	390	390	390	0	0
1310	13	24	1000	2200	23	390	390	390	390	390	390	0	0
1311	13	25	1000	2000	24	390	390	390	390	390	390	0	0
1312	13	26	1000	1700	25	390	390	390	390	390	390	0	0
1313	13	27	1000	1500	26	390	390	390	390	390	390	0	0
1314	13	28	1000	1400	27	390	390	390	390	390	390	0	0
1315	13	29	1000	1300	28	390	390	390	390	390	390	0	0
1316	13	30	1000	1200	29	390	390	390	390	390	390	0	0
1317	13	31	1000	1000	30	390	390	390	390	390	390	0	0
1318	13	32	1000	800	31	390	390	390	390	390	390	0	0
1319	13	33	1000	700	32	390	390	390	390	390	390	0	0
1320	13	34	1000	500	33	390	390	390	390	390	390	0	0
1321	13	35	1000	420	34	390	390	390	390	390	390	0	0
1322	13	36	1000	420	35	390	390	390	390	390	390	0	0
1323	13	37	1000	420	36	390	390	390	390	390	390	0	0
1324	13	38	1000	420	37	390	390	390	390	390	390	0	0
1325	13	39	1000	420	38	390	390	390	390	390	390	0	0
1326	13	40	1000	420	39	390	390	390	390	390	390	0	0
1327	13	41	1000	420	40	390	390	390	390	390	390	0	0
1328	13	42	1000	420	41	390	390	390	390	390	390	0	0
1329	13	43	1000	420	42	390	390	390	390	390	390	0	0
1330	13	44	1000	420	43	390	390	390	390	390	390	0	0
1331	13	45	1000	420	44	390	390	390	390	390	390	0	0
1332	13	46	1000	420	45	390	390	390	390	390	390	0	0
1333	13	47	1000	420	46	390	390	390	390	390	390	0	0
1334	13	48	1000	420	47	390	390	390	390	390	390	0	0
1335	13	49	1000	420	48	390	390	390	390	390	390	0	0
1336	13	50	1000	400	49	390	390	390	390	390	390	0	0
1337	13	51	1000	400	50	390	390	390	390	390	390	0	0
1338	13	52	1000	400	51	390	390	390	390	390	390	0	0
1339	13	53	1000	400	52	390	390	390	390	390	390	0	0
1340	13	54	1000	400	53	390	390	390	390	390	390	0	0
1341	13	55	1000	400	54	390	390	390	390	390	390	0	0
1342	13	56	1000	400	55	390	390	390	390	390	390	0	0
1343	13	57	1000	400	56	390	390	390	390	390	390	0	0
1344	13	58	1000	400	57	390	390	390	390	390	390	0	0
1345	13	59	1000	400	58	390	390	390	390	390	390	0	0
1346	13	60	1000	400	59	390	390	390	390	390	390	0	0
1347	13	61	1000	350	60	390	390	390	390	390	390	0	0
1348	13	62	1000	350	61	390	390	390	390	390	390	0	0
1349	13	63	1000	350	62	390	390	390	390	390	390	0	0
1350	13	64	1000	350	63	390	390	390	390	390	390	0	0
1351	13	65	1000	350	64	390	390	390	390	390	390	0	0
1352	13	66	1000	350	65	390	390	390	390	390	390	0	0
1353	13	67	1000	350	66	390	390	390	390	390	390	0	0
1354	13	68	1000	350	67	390	390	390	390	390	390	0	0
1355	13	69	1000	350	68	390	390	390	390	390	390	0	0
1356	13	70	1000	350	69	390	390	390	390	390	390	0	0
1357	13	71	1000	250	70	390	390	390	390	390	390	0	0
1358	13	72	1000	250	71	390	390	390	390	390	390	0	0
1359	13	73	1000	250	72	390	390	390	390	390	390	0	0
1360	13	74	1000	250	73	390	390	390	390	390	390	0	0
1361	13	75	1000	250	74	390	390	390	390	390	390	0	0
1362	13	76	1000	250	75	390	390	390	390	390	390	0	0
1363	13	77	1000	250	76	390	390	390	390	390	390	0	0
1364	13	78	1000	250	77	390	390	390	390	390	390	0	0
1365	13	79	1000	250	78	390	390	390	390	390	390	0	0
1366	13	80	1000	250	79	390	390	390	390	390	390	0	0
1367	13	81	1000	250	80	390	390	390	390	390	390	0	0
1368	13	82	1000	200	81	390	390	390	390	390	390	0	0
1369	13	83	1000	200	82	390	390	390	390	390	390	0	0
1370	13	84	1000	200	83	390	390	390	390	390	390	0	0
1371	13	85	1000	200	84	390	390	390	390	390	390	0	0
1372	13	86	1000	200	85	390	390	390	390	390	390	0	0
1373	13	87	1000	200	86	390	390	390	390	390	390	0	0
1374	13	88	1000	200	87	390	390	390	390	390	390	0	0
1375	13	89	1000	200	88	390	390	390	390	390	390	0	0
1376	13	90	1000	100	89	390	390	390	390	390	390	0	0
1377	13	91	1000	100	90	390	390	390	390	390	390	0	0
1378	13	92	1000	100	91	390	390	390	390	390	390	0	0
1379	13	93	1000	100	92	390	390	390	390	390	390	0	0
1380	13	94	1000	100	93	390	390	390	390	390	390	0	0
1381	13	95	1000	100	94	390	390	390	390	390	390	0	0
1382	13	96	1000	100	95	390	390	390	390	390	390	0	0
1383	13	97	1000	100	96	390	390	390	390	390	390	0	0
1384	13	98	1000	100	97	390	390	390	390	390	390	0	0
1385	13	99	1000	100	98	390	390	390	390	390	390	0	0
1386	14	1	100	7500	0	20	20	20	20	20	20	2	0
1387	14	2	115	6000	1	30	30	30	30	30	30	4	0
1388	14	3	132	5000	2	42	42	42	42	42	42	6	0
1389	14	4	151	4500	3	60	60	60	60	60	60	10	0
1390	14	5	173	3500	4	88	88	88	88	88	88	14	0
1391	14	6	199	3000	5	140	140	140	140	140	140	20	0
1392	14	7	228	2000	6	186	186	186	186	186	186	26	0
1393	14	8	261	1000	7	270	270	270	270	270	270	34	0
1394	14	9	300	1000	8	390	390	390	390	390	390	42	0
1395	14	10	344	10000	9	390	390	390	390	390	390	50	0
1396	14	11	393	8000	10	390	390	390	390	390	390	58	0
1397	14	12	447	7900	11	390	390	390	390	390	390	66	0
1398	14	13	506	7800	12	390	390	390	390	390	390	74	0
1399	14	14	570	7700	13	390	390	390	390	390	390	82	0
1400	14	15	639	7600	14	390	390	390	390	390	390	90	0
1401	14	16	713	7500	15	390	390	390	390	390	390	98	0
1402	14	17	792	7400	16	390	390	390	390	390	390	106	0
1403	14	18	876	7300	17	390	390	390	390	390	390	114	0
1404	14	19	965	7200	18	390	390	390	390	390	390	122	0
1405	14	20	1000	7000	19	390	390	390	390	390	390	130	0
1406	14	21	1000	5500	20	390	390	390	390	390	390	140	0
1407	14	22	1000	4000	21	390	390	390	390	390	390	150	0
1408	14	23	1000	3000	22	390	390	390	390	390	390	160	0
1409	14	24	1000	2200	23	390	390	390	390	390	390	170	0
1410	14	25	1000	2000	24	390	390	390	390	390	390	180	0
1411	14	26	1000	1700	25	390	390	390	390	390	390	190	0
1412	14	27	1000	1500	26	390	390	390	390	390	390	200	0
1413	14	28	1000	1400	27	390	390	390	390	390	390	210	0
1414	14	29	1000	1300	28	390	390	390	390	390	390	220	0
1415	14	30	1000	1200	29	390	390	390	390	390	390	230	0
1416	14	31	1000	1000	30	390	390	390	390	390	390	242	0
1417	14	32	1000	800	31	390	390	390	390	390	390	254	0
1418	14	33	1000	700	32	390	390	390	390	390	390	266	0
1419	14	34	1000	500	33	390	390	390	390	390	390	278	0
1420	14	35	1000	420	34	390	390	390	390	390	390	290	0
1421	14	36	1000	420	35	390	390	390	390	390	390	302	0
1422	14	37	1000	420	36	390	390	390	390	390	390	314	0
1423	14	38	1000	420	37	390	390	390	390	390	390	326	0
1424	14	39	1000	420	38	390	390	390	390	390	390	338	0
1425	14	40	1000	420	39	390	390	390	390	390	390	350	0
1426	14	41	1000	420	40	390	390	390	390	390	390	365	0
1427	14	42	1000	420	41	390	390	390	390	390	390	380	0
1428	14	43	1000	420	42	390	390	390	390	390	390	395	0
1429	14	44	1000	420	43	390	390	390	390	390	390	410	0
1430	14	45	1000	420	44	390	390	390	390	390	390	425	0
1431	14	46	1000	420	45	390	390	390	390	390	390	440	0
1432	14	47	1000	420	46	390	390	390	390	390	390	455	0
1433	14	48	1000	420	47	390	390	390	390	390	390	470	0
1434	14	49	1000	420	48	390	390	390	390	390	390	485	0
1435	14	50	1000	400	49	390	390	390	390	390	390	500	0
1436	14	51	1000	400	50	390	390	390	390	390	390	518	0
1437	14	52	1000	400	51	390	390	390	390	390	390	536	0
1438	14	53	1000	400	52	390	390	390	390	390	390	554	0
1439	14	54	1000	400	53	390	390	390	390	390	390	572	0
1440	14	55	1000	400	54	390	390	390	390	390	390	590	0
1441	14	56	1000	400	55	390	390	390	390	390	390	608	0
1442	14	57	1000	400	56	390	390	390	390	390	390	626	0
1443	14	58	1000	400	57	390	390	390	390	390	390	644	0
1444	14	59	1000	400	58	390	390	390	390	390	390	662	0
1445	14	60	1000	400	59	390	390	390	390	390	390	680	0
1446	14	61	1000	350	60	390	390	390	390	390	390	700	0
1447	14	62	1000	350	61	390	390	390	390	390	390	720	0
1448	14	63	1000	350	62	390	390	390	390	390	390	740	0
1449	14	64	1000	350	63	390	390	390	390	390	390	760	0
1450	14	65	1000	350	64	390	390	390	390	390	390	780	0
1451	14	66	1000	350	65	390	390	390	390	390	390	800	0
1452	14	67	1000	350	66	390	390	390	390	390	390	820	0
1453	14	68	1000	350	67	390	390	390	390	390	390	840	0
1454	14	69	1000	350	68	390	390	390	390	390	390	860	0
1455	14	70	1000	350	69	390	390	390	390	390	390	880	0
1456	14	71	1000	250	70	390	390	390	390	390	390	902	0
1457	14	72	1000	250	71	390	390	390	390	390	390	924	0
1458	14	73	1000	250	72	390	390	390	390	390	390	946	0
1459	14	74	1000	250	73	390	390	390	390	390	390	968	0
1460	14	75	1000	250	74	390	390	390	390	390	390	990	0
1461	14	76	1000	250	75	390	390	390	390	390	390	1012	0
1462	14	77	1000	250	76	390	390	390	390	390	390	1034	0
1463	14	78	1000	250	77	390	390	390	390	390	390	1056	0
1464	14	79	1000	250	78	390	390	390	390	390	390	1078	0
1465	14	80	1000	250	79	390	390	390	390	390	390	1100	0
1466	14	81	1000	250	80	390	390	390	390	390	390	1125	0
1467	14	82	1000	200	81	390	390	390	390	390	390	1150	0
1468	14	83	1000	200	82	390	390	390	390	390	390	1175	0
1469	14	84	1000	200	83	390	390	390	390	390	390	1200	0
1470	14	85	1000	200	84	390	390	390	390	390	390	1225	0
1471	14	86	1000	200	85	390	390	390	390	390	390	1250	0
1472	14	87	1000	200	86	390	390	390	390	390	390	1275	0
1473	14	88	1000	200	87	390	390	390	390	390	390	1300	0
1474	14	89	1000	200	88	390	390	390	390	390	390	1325	0
1475	14	90	1000	100	89	390	390	390	390	390	390	1350	0
1476	14	91	1000	100	90	390	390	390	390	390	390	1380	0
1477	14	92	1000	100	91	390	390	390	390	390	390	1410	0
1478	14	93	1000	100	92	390	390	390	390	390	390	1440	0
1479	14	94	1000	100	93	390	390	390	390	390	390	1470	0
1480	14	95	1000	100	94	390	390	390	390	390	390	1500	0
1481	14	96	1000	100	95	390	390	390	390	390	390	1530	0
1482	14	97	1000	100	96	390	390	390	390	390	390	1560	0
1483	14	98	1000	100	97	390	390	390	390	390	390	1590	0
1484	14	99	1000	100	98	390	390	390	390	390	390	1620	0
1485	15	1	100	7500	0	20	20	20	20	20	20	0	2
1486	15	2	115	6000	1	30	30	30	30	30	30	0	4
1487	15	3	132	5000	2	42	42	42	42	42	42	0	6
1488	15	4	151	4500	3	60	60	60	60	60	60	0	10
1489	15	5	173	3500	4	88	88	88	88	88	88	0	14
1490	15	6	199	3000	5	140	140	140	140	140	140	0	20
1491	15	7	228	2000	6	186	186	186	186	186	186	0	26
1492	15	8	261	1000	7	270	270	270	270	270	270	0	34
1493	15	9	300	1000	8	390	390	390	390	390	390	0	42
1494	15	10	344	10000	9	390	390	390	390	390	390	0	50
1495	15	11	393	8000	10	390	390	390	390	390	390	0	58
1496	15	12	447	7900	11	390	390	390	390	390	390	0	66
1497	15	13	506	7800	12	390	390	390	390	390	390	0	74
1498	15	14	570	7700	13	390	390	390	390	390	390	0	82
1499	15	15	639	7600	14	390	390	390	390	390	390	0	90
1500	15	16	713	7500	15	390	390	390	390	390	390	0	98
1501	15	17	792	7400	16	390	390	390	390	390	390	0	106
1502	15	18	876	7300	17	390	390	390	390	390	390	0	114
1503	15	19	965	7200	18	390	390	390	390	390	390	0	122
1504	15	20	1000	7000	19	390	390	390	390	390	390	0	130
1505	15	21	1000	5500	20	390	390	390	390	390	390	0	140
1506	15	22	1000	4000	21	390	390	390	390	390	390	0	150
1507	15	23	1000	3000	22	390	390	390	390	390	390	0	160
1508	15	24	1000	2200	23	390	390	390	390	390	390	0	170
1509	15	25	1000	2000	24	390	390	390	390	390	390	0	180
1510	15	26	1000	1700	25	390	390	390	390	390	390	0	190
1511	15	27	1000	1500	26	390	390	390	390	390	390	0	200
1512	15	28	1000	1400	27	390	390	390	390	390	390	0	210
1513	15	29	1000	1300	28	390	390	390	390	390	390	0	220
1514	15	30	1000	1200	29	390	390	390	390	390	390	0	230
1515	15	31	1000	1000	30	390	390	390	390	390	390	0	242
1516	15	32	1000	800	31	390	390	390	390	390	390	0	254
1517	15	33	1000	700	32	390	390	390	390	390	390	0	266
1518	15	34	1000	500	33	390	390	390	390	390	390	0	278
1519	15	35	1000	420	34	390	390	390	390	390	390	0	290
1520	15	36	1000	420	35	390	390	390	390	390	390	0	302
1521	15	37	1000	420	36	390	390	390	390	390	390	0	314
1522	15	38	1000	420	37	390	390	390	390	390	390	0	326
1523	15	39	1000	420	38	390	390	390	390	390	390	0	338
1524	15	40	1000	420	39	390	390	390	390	390	390	0	350
1525	15	41	1000	420	40	390	390	390	390	390	390	0	365
1526	15	42	1000	420	41	390	390	390	390	390	390	0	380
1527	15	43	1000	420	42	390	390	390	390	390	390	0	395
1528	15	44	1000	420	43	390	390	390	390	390	390	0	410
1529	15	45	1000	420	44	390	390	390	390	390	390	0	425
1530	15	46	1000	420	45	390	390	390	390	390	390	0	440
1531	15	47	1000	420	46	390	390	390	390	390	390	0	455
1532	15	48	1000	420	47	390	390	390	390	390	390	0	470
1533	15	49	1000	420	48	390	390	390	390	390	390	0	485
1534	15	50	1000	400	49	390	390	390	390	390	390	0	500
1535	15	51	1000	400	50	390	390	390	390	390	390	0	518
1536	15	52	1000	400	51	390	390	390	390	390	390	0	536
1537	15	53	1000	400	52	390	390	390	390	390	390	0	554
1538	15	54	1000	400	53	390	390	390	390	390	390	0	572
1539	15	55	1000	400	54	390	390	390	390	390	390	0	590
1540	15	56	1000	400	55	390	390	390	390	390	390	0	608
1541	15	57	1000	400	56	390	390	390	390	390	390	0	626
1542	15	58	1000	400	57	390	390	390	390	390	390	0	644
1543	15	59	1000	400	58	390	390	390	390	390	390	0	662
1544	15	60	1000	400	59	390	390	390	390	390	390	0	680
1545	15	61	1000	350	60	390	390	390	390	390	390	0	700
1546	15	62	1000	350	61	390	390	390	390	390	390	0	720
1547	15	63	1000	350	62	390	390	390	390	390	390	0	740
1548	15	64	1000	350	63	390	390	390	390	390	390	0	760
1549	15	65	1000	350	64	390	390	390	390	390	390	0	780
1550	15	66	1000	350	65	390	390	390	390	390	390	0	800
1551	15	67	1000	350	66	390	390	390	390	390	390	0	820
1552	15	68	1000	350	67	390	390	390	390	390	390	0	840
1553	15	69	1000	350	68	390	390	390	390	390	390	0	860
1554	15	70	1000	350	69	390	390	390	390	390	390	0	880
1555	15	71	1000	250	70	390	390	390	390	390	390	0	902
1556	15	72	1000	250	71	390	390	390	390	390	390	0	924
1557	15	73	1000	250	72	390	390	390	390	390	390	0	946
1558	15	74	1000	250	73	390	390	390	390	390	390	0	968
1559	15	75	1000	250	74	390	390	390	390	390	390	0	990
1560	15	76	1000	250	75	390	390	390	390	390	390	0	1012
1561	15	77	1000	250	76	390	390	390	390	390	390	0	1034
1562	15	78	1000	250	77	390	390	390	390	390	390	0	1056
1563	15	79	1000	250	78	390	390	390	390	390	390	0	1078
1564	15	80	1000	250	79	390	390	390	390	390	390	0	1100
1565	15	81	1000	250	80	390	390	390	390	390	390	0	1125
1566	15	82	1000	200	81	390	390	390	390	390	390	0	1150
1567	15	83	1000	200	82	390	390	390	390	390	390	0	1175
1568	15	84	1000	200	83	390	390	390	390	390	390	0	1200
1569	15	85	1000	200	84	390	390	390	390	390	390	0	1225
1570	15	86	1000	200	85	390	390	390	390	390	390	0	1250
1571	15	87	1000	200	86	390	390	390	390	390	390	0	1275
1572	15	88	1000	200	87	390	390	390	390	390	390	0	1300
1573	15	89	1000	200	88	390	390	390	390	390	390	0	1325
1574	15	90	1000	100	89	390	390	390	390	390	390	0	1350
1575	15	91	1000	100	90	390	390	390	390	390	390	0	1380
1576	15	92	1000	100	91	390	390	390	390	390	390	0	1410
1577	15	93	1000	100	92	390	390	390	390	390	390	0	1440
1578	15	94	1000	100	93	390	390	390	390	390	390	0	1470
1579	15	95	1000	100	94	390	390	390	390	390	390	0	1500
1580	15	96	1000	100	95	390	390	390	390	390	390	0	1530
1581	15	97	1000	100	96	390	390	390	390	390	390	0	1560
1582	15	98	1000	100	97	390	390	390	390	390	390	0	1590
1583	15	99	1000	100	98	390	390	390	390	390	390	0	1620
1584	16	1	100	7500	0	10	10	10	10	10	10	0	0
1585	16	2	115	6000	1	15	15	15	15	15	15	0	0
1586	16	3	132	5000	2	21	21	21	21	21	21	0	0
1587	16	4	151	4500	3	30	30	30	30	30	30	0	0
1588	16	5	173	3500	4	44	44	44	44	44	44	0	0
1589	16	6	199	3000	5	70	70	70	70	70	70	0	0
1590	16	7	228	2000	6	93	93	93	93	93	93	0	0
1591	16	8	261	1000	7	135	135	135	135	135	135	0	0
1592	16	9	300	1000	8	195	195	195	195	195	195	0	0
1593	16	10	344	10000	9	195	195	195	195	195	195	0	0
1594	16	11	393	8000	10	195	195	195	195	195	195	0	0
1595	16	12	447	7900	11	195	195	195	195	195	195	0	0
1596	16	13	506	7800	12	195	195	195	195	195	195	0	0
1597	16	14	570	7700	13	195	195	195	195	195	195	0	0
1598	16	15	639	7600	14	195	195	195	195	195	195	0	0
1599	16	16	713	7500	15	195	195	195	195	195	195	0	0
1600	16	17	792	7400	16	195	195	195	195	195	195	0	0
1601	16	18	876	7300	17	195	195	195	195	195	195	0	0
1602	16	19	965	7200	18	195	195	195	195	195	195	0	0
1603	16	20	1000	7000	19	195	195	195	195	195	195	0	0
1604	16	21	1000	5500	20	195	195	195	195	195	195	0	0
1605	16	22	1000	4000	21	195	195	195	195	195	195	0	0
1606	16	23	1000	3000	22	195	195	195	195	195	195	0	0
1607	16	24	1000	2200	23	195	195	195	195	195	195	0	0
1608	16	25	1000	2000	24	195	195	195	195	195	195	0	0
1609	16	26	1000	1700	25	195	195	195	195	195	195	0	0
1610	16	27	1000	1500	26	195	195	195	195	195	195	0	0
1611	16	28	1000	1400	27	195	195	195	195	195	195	0	0
1612	16	29	1000	1300	28	195	195	195	195	195	195	0	0
1613	16	30	1000	1200	29	195	195	195	195	195	195	0	0
1614	16	31	1000	1000	30	195	195	195	195	195	195	0	0
1615	16	32	1000	800	31	195	195	195	195	195	195	0	0
1616	16	33	1000	700	32	195	195	195	195	195	195	0	0
1617	16	34	1000	500	33	195	195	195	195	195	195	0	0
1618	16	35	1000	420	34	195	195	195	195	195	195	0	0
1619	16	36	1000	420	35	195	195	195	195	195	195	0	0
1620	16	37	1000	420	36	195	195	195	195	195	195	0	0
1621	16	38	1000	420	37	195	195	195	195	195	195	0	0
1622	16	39	1000	420	38	195	195	195	195	195	195	0	0
1623	16	40	1000	420	39	195	195	195	195	195	195	0	0
1624	16	41	1000	420	40	195	195	195	195	195	195	0	0
1625	16	42	1000	420	41	195	195	195	195	195	195	0	0
1626	16	43	1000	420	42	195	195	195	195	195	195	0	0
1627	16	44	1000	420	43	195	195	195	195	195	195	0	0
1628	16	45	1000	420	44	195	195	195	195	195	195	0	0
1629	16	46	1000	420	45	195	195	195	195	195	195	0	0
1630	16	47	1000	420	46	195	195	195	195	195	195	0	0
1631	16	48	1000	420	47	195	195	195	195	195	195	0	0
1632	16	49	1000	420	48	195	195	195	195	195	195	0	0
1633	16	50	1000	400	49	195	195	195	195	195	195	0	0
1634	16	51	1000	400	50	195	195	195	195	195	195	0	0
1635	16	52	1000	400	51	195	195	195	195	195	195	0	0
1636	16	53	1000	400	52	195	195	195	195	195	195	0	0
1637	16	54	1000	400	53	195	195	195	195	195	195	0	0
1638	16	55	1000	400	54	195	195	195	195	195	195	0	0
1639	16	56	1000	400	55	195	195	195	195	195	195	0	0
1640	16	57	1000	400	56	195	195	195	195	195	195	0	0
1641	16	58	1000	400	57	195	195	195	195	195	195	0	0
1642	16	59	1000	400	58	195	195	195	195	195	195	0	0
1643	16	60	1000	400	59	195	195	195	195	195	195	0	0
1644	16	61	1000	350	60	195	195	195	195	195	195	0	0
1645	16	62	1000	350	61	195	195	195	195	195	195	0	0
1646	16	63	1000	350	62	195	195	195	195	195	195	0	0
1647	16	64	1000	350	63	195	195	195	195	195	195	0	0
1648	16	65	1000	350	64	195	195	195	195	195	195	0	0
1649	16	66	1000	350	65	195	195	195	195	195	195	0	0
1650	16	67	1000	350	66	195	195	195	195	195	195	0	0
1651	16	68	1000	350	67	195	195	195	195	195	195	0	0
1652	16	69	1000	350	68	195	195	195	195	195	195	0	0
1653	16	70	1000	350	69	195	195	195	195	195	195	0	0
1654	16	71	1000	250	70	195	195	195	195	195	195	0	0
1655	16	72	1000	250	71	195	195	195	195	195	195	0	0
1656	16	73	1000	250	72	195	195	195	195	195	195	0	0
1657	16	74	1000	250	73	195	195	195	195	195	195	0	0
1658	16	75	1000	250	74	195	195	195	195	195	195	0	0
1659	16	76	1000	250	75	195	195	195	195	195	195	0	0
1660	16	77	1000	250	76	195	195	195	195	195	195	0	0
1661	16	78	1000	250	77	195	195	195	195	195	195	0	0
1662	16	79	1000	250	78	195	195	195	195	195	195	0	0
1663	16	80	1000	250	79	195	195	195	195	195	195	0	0
1664	16	81	1000	250	80	195	195	195	195	195	195	0	0
1665	16	82	1000	200	81	195	195	195	195	195	195	0	0
1666	16	83	1000	200	82	195	195	195	195	195	195	0	0
1667	16	84	1000	200	83	195	195	195	195	195	195	0	0
1668	16	85	1000	200	84	195	195	195	195	195	195	0	0
1669	16	86	1000	200	85	195	195	195	195	195	195	0	0
1670	16	87	1000	200	86	195	195	195	195	195	195	0	0
1671	16	88	1000	200	87	195	195	195	195	195	195	0	0
1672	16	89	1000	200	88	195	195	195	195	195	195	0	0
1673	16	90	1000	100	89	195	195	195	195	195	195	0	0
1674	16	91	1000	100	90	195	195	195	195	195	195	0	0
1675	16	92	1000	100	91	195	195	195	195	195	195	0	0
1676	16	93	1000	100	92	195	195	195	195	195	195	0	0
1677	16	94	1000	100	93	195	195	195	195	195	195	0	0
1678	16	95	1000	100	94	195	195	195	195	195	195	0	0
1679	16	96	1000	100	95	195	195	195	195	195	195	0	0
1680	16	97	1000	100	96	195	195	195	195	195	195	0	0
1681	16	98	1000	100	97	195	195	195	195	195	195	0	0
1682	16	99	1000	100	98	195	195	195	195	195	195	0	0
1683	17	1	100	7500	0	10	10	10	10	10	10	2	0
1684	17	2	115	6000	1	15	15	15	15	15	15	4	0
1685	17	3	132	5000	2	21	21	21	21	21	21	6	0
1686	17	4	151	4500	3	30	30	30	30	30	30	10	0
1687	17	5	173	3500	4	44	44	44	44	44	44	14	0
1688	17	6	199	3000	5	70	70	70	70	70	70	20	0
1689	17	7	228	2000	6	93	93	93	93	93	93	26	0
1690	17	8	261	1000	7	135	135	135	135	135	135	34	0
1691	17	9	300	1000	8	195	195	195	195	195	195	42	0
1692	17	10	344	10000	9	195	195	195	195	195	195	50	0
1693	17	11	393	8000	10	195	195	195	195	195	195	58	0
1694	17	12	447	7900	11	195	195	195	195	195	195	66	0
1695	17	13	506	7800	12	195	195	195	195	195	195	74	0
1696	17	14	570	7700	13	195	195	195	195	195	195	82	0
1697	17	15	639	7600	14	195	195	195	195	195	195	90	0
1698	17	16	713	7500	15	195	195	195	195	195	195	98	0
1699	17	17	792	7400	16	195	195	195	195	195	195	106	0
1700	17	18	876	7300	17	195	195	195	195	195	195	114	0
1701	17	19	965	7200	18	195	195	195	195	195	195	122	0
1702	17	20	1000	7000	19	195	195	195	195	195	195	130	0
1703	17	21	1000	5500	20	195	195	195	195	195	195	140	0
1704	17	22	1000	4000	21	195	195	195	195	195	195	150	0
1705	17	23	1000	3000	22	195	195	195	195	195	195	160	0
1706	17	24	1000	2200	23	195	195	195	195	195	195	170	0
1707	17	25	1000	2000	24	195	195	195	195	195	195	180	0
1708	17	26	1000	1700	25	195	195	195	195	195	195	190	0
1709	17	27	1000	1500	26	195	195	195	195	195	195	200	0
1710	17	28	1000	1400	27	195	195	195	195	195	195	210	0
1711	17	29	1000	1300	28	195	195	195	195	195	195	220	0
1712	17	30	1000	1200	29	195	195	195	195	195	195	230	0
1713	17	31	1000	1000	30	195	195	195	195	195	195	242	0
1714	17	32	1000	800	31	195	195	195	195	195	195	254	0
1715	17	33	1000	700	32	195	195	195	195	195	195	266	0
1716	17	34	1000	500	33	195	195	195	195	195	195	278	0
1717	17	35	1000	420	34	195	195	195	195	195	195	290	0
1718	17	36	1000	420	35	195	195	195	195	195	195	302	0
1719	17	37	1000	420	36	195	195	195	195	195	195	314	0
1720	17	38	1000	420	37	195	195	195	195	195	195	326	0
1721	17	39	1000	420	38	195	195	195	195	195	195	338	0
1722	17	40	1000	420	39	195	195	195	195	195	195	350	0
1723	17	41	1000	420	40	195	195	195	195	195	195	365	0
1724	17	42	1000	420	41	195	195	195	195	195	195	380	0
1725	17	43	1000	420	42	195	195	195	195	195	195	395	0
1726	17	44	1000	420	43	195	195	195	195	195	195	410	0
1727	17	45	1000	420	44	195	195	195	195	195	195	425	0
1728	17	46	1000	420	45	195	195	195	195	195	195	440	0
1729	17	47	1000	420	46	195	195	195	195	195	195	455	0
1730	17	48	1000	420	47	195	195	195	195	195	195	470	0
1731	17	49	1000	420	48	195	195	195	195	195	195	485	0
1732	17	50	1000	400	49	195	195	195	195	195	195	500	0
1733	17	51	1000	400	50	195	195	195	195	195	195	518	0
1734	17	52	1000	400	51	195	195	195	195	195	195	536	0
1735	17	53	1000	400	52	195	195	195	195	195	195	554	0
1736	17	54	1000	400	53	195	195	195	195	195	195	572	0
1737	17	55	1000	400	54	195	195	195	195	195	195	590	0
1738	17	56	1000	400	55	195	195	195	195	195	195	608	0
1739	17	57	1000	400	56	195	195	195	195	195	195	626	0
1740	17	58	1000	400	57	195	195	195	195	195	195	644	0
1741	17	59	1000	400	58	195	195	195	195	195	195	662	0
1742	17	60	1000	400	59	195	195	195	195	195	195	680	0
1743	17	61	1000	350	60	195	195	195	195	195	195	700	0
1744	17	62	1000	350	61	195	195	195	195	195	195	720	0
1745	17	63	1000	350	62	195	195	195	195	195	195	740	0
1746	17	64	1000	350	63	195	195	195	195	195	195	760	0
1747	17	65	1000	350	64	195	195	195	195	195	195	780	0
1748	17	66	1000	350	65	195	195	195	195	195	195	800	0
1749	17	67	1000	350	66	195	195	195	195	195	195	820	0
1750	17	68	1000	350	67	195	195	195	195	195	195	840	0
1751	17	69	1000	350	68	195	195	195	195	195	195	860	0
1752	17	70	1000	350	69	195	195	195	195	195	195	880	0
1753	17	71	1000	250	70	195	195	195	195	195	195	902	0
1754	17	72	1000	250	71	195	195	195	195	195	195	924	0
1755	17	73	1000	250	72	195	195	195	195	195	195	946	0
1756	17	74	1000	250	73	195	195	195	195	195	195	968	0
1757	17	75	1000	250	74	195	195	195	195	195	195	990	0
1758	17	76	1000	250	75	195	195	195	195	195	195	1012	0
1759	17	77	1000	250	76	195	195	195	195	195	195	1034	0
1760	17	78	1000	250	77	195	195	195	195	195	195	1056	0
1761	17	79	1000	250	78	195	195	195	195	195	195	1078	0
1762	17	80	1000	250	79	195	195	195	195	195	195	1100	0
1763	17	81	1000	250	80	195	195	195	195	195	195	1125	0
1764	17	82	1000	200	81	195	195	195	195	195	195	1150	0
1765	17	83	1000	200	82	195	195	195	195	195	195	1175	0
1766	17	84	1000	200	83	195	195	195	195	195	195	1200	0
1767	17	85	1000	200	84	195	195	195	195	195	195	1225	0
1768	17	86	1000	200	85	195	195	195	195	195	195	1250	0
1769	17	87	1000	200	86	195	195	195	195	195	195	1275	0
1770	17	88	1000	200	87	195	195	195	195	195	195	1300	0
1771	17	89	1000	200	88	195	195	195	195	195	195	1325	0
1772	17	90	1000	100	89	195	195	195	195	195	195	1350	0
1773	17	91	1000	100	90	195	195	195	195	195	195	1380	0
1774	17	92	1000	100	91	195	195	195	195	195	195	1410	0
1775	17	93	1000	100	92	195	195	195	195	195	195	1440	0
1776	17	94	1000	100	93	195	195	195	195	195	195	1470	0
1777	17	95	1000	100	94	195	195	195	195	195	195	1500	0
1778	17	96	1000	100	95	195	195	195	195	195	195	1530	0
1779	17	97	1000	100	96	195	195	195	195	195	195	1560	0
1780	17	98	1000	100	97	195	195	195	195	195	195	1590	0
1781	17	99	1000	100	98	195	195	195	195	195	195	1620	0
1782	18	1	100	7500	0	10	10	10	10	10	10	0	0
1783	18	2	115	6000	1	15	15	15	15	15	15	0	0
1784	18	3	132	5000	2	21	21	21	21	21	21	0	0
1785	18	4	151	4500	3	30	30	30	30	30	30	0	0
1786	18	5	173	3500	4	44	44	44	44	44	44	0	0
1787	18	6	199	3000	5	70	70	70	70	70	70	0	0
1788	18	7	228	2000	6	93	93	93	93	93	93	0	0
1789	18	8	261	1000	7	135	135	135	135	135	135	0	0
1790	18	9	300	1000	8	195	195	195	195	195	195	0	0
1791	18	10	344	10000	9	195	195	195	195	195	195	0	0
1792	18	11	393	8000	10	195	195	195	195	195	195	0	0
1793	18	12	447	7900	11	195	195	195	195	195	195	0	0
1794	18	13	506	7800	12	195	195	195	195	195	195	0	0
1795	18	14	570	7700	13	195	195	195	195	195	195	0	0
1796	18	15	639	7600	14	195	195	195	195	195	195	0	0
1797	18	16	713	7500	15	195	195	195	195	195	195	0	0
1798	18	17	792	7400	16	195	195	195	195	195	195	0	0
1799	18	18	876	7300	17	195	195	195	195	195	195	0	0
1800	18	19	965	7200	18	195	195	195	195	195	195	0	0
1801	18	20	1000	7000	19	195	195	195	195	195	195	0	0
1802	18	21	1000	5500	20	195	195	195	195	195	195	0	0
1803	18	22	1000	4000	21	195	195	195	195	195	195	0	0
1804	18	23	1000	3000	22	195	195	195	195	195	195	0	0
1805	18	24	1000	2200	23	195	195	195	195	195	195	0	0
1806	18	25	1000	2000	24	195	195	195	195	195	195	0	0
1807	18	26	1000	17000	25	195	195	195	195	195	195	0	0
1808	18	27	1000	1500	26	195	195	195	195	195	195	0	0
1809	18	28	1000	1400	27	195	195	195	195	195	195	0	0
1810	18	29	1000	1300	28	195	195	195	195	195	195	0	0
1811	18	30	1000	1200	29	195	195	195	195	195	195	0	0
1812	18	31	1000	1000	30	195	195	195	195	195	195	0	0
1813	18	32	1000	800	31	195	195	195	195	195	195	0	0
1814	18	33	1000	700	32	195	195	195	195	195	195	0	0
1815	18	34	1000	500	33	195	195	195	195	195	195	0	0
1816	18	35	1000	420	34	195	195	195	195	195	195	0	0
1817	18	36	1000	420	35	195	195	195	195	195	195	0	0
1818	18	37	1000	420	36	195	195	195	195	195	195	0	0
1819	18	38	1000	420	37	195	195	195	195	195	195	0	0
1820	18	39	1000	420	38	195	195	195	195	195	195	0	0
1821	18	40	1000	420	39	195	195	195	195	195	195	0	0
1822	18	41	1000	420	40	195	195	195	195	195	195	0	0
1823	18	42	1000	420	41	195	195	195	195	195	195	0	0
1824	18	43	1000	420	42	195	195	195	195	195	195	0	0
1825	18	44	1000	420	43	195	195	195	195	195	195	0	0
1826	18	45	1000	420	44	195	195	195	195	195	195	0	0
1827	18	46	1000	420	45	195	195	195	195	195	195	0	0
1828	18	47	1000	420	46	195	195	195	195	195	195	0	0
1829	18	48	1000	420	47	195	195	195	195	195	195	0	0
1830	18	49	1000	420	48	195	195	195	195	195	195	0	0
1831	18	50	1000	400	49	195	195	195	195	195	195	0	0
1832	18	51	1000	400	50	195	195	195	195	195	195	0	0
1833	18	52	1000	400	51	195	195	195	195	195	195	0	0
1834	18	53	1000	400	52	195	195	195	195	195	195	0	0
1835	18	54	1000	400	53	195	195	195	195	195	195	0	0
1836	18	55	1000	400	54	195	195	195	195	195	195	0	0
1837	18	56	1000	400	55	195	195	195	195	195	195	0	0
1838	18	57	1000	400	56	195	195	195	195	195	195	0	0
1839	18	58	1000	400	57	195	195	195	195	195	195	0	0
1840	18	59	1000	400	58	195	195	195	195	195	195	0	0
1841	18	60	1000	400	59	195	195	195	195	195	195	0	0
1842	18	61	1000	350	60	195	195	195	195	195	195	0	0
1843	18	62	1000	350	61	195	195	195	195	195	195	0	0
1844	18	63	1000	350	62	195	195	195	195	195	195	0	0
1845	18	64	1000	350	63	195	195	195	195	195	195	0	0
1846	18	65	1000	350	64	195	195	195	195	195	195	0	0
1847	18	66	1000	350	65	195	195	195	195	195	195	0	0
1848	18	67	1000	350	66	195	195	195	195	195	195	0	0
1849	18	68	1000	350	67	195	195	195	195	195	195	0	0
1850	18	69	1000	350	68	195	195	195	195	195	195	0	0
1851	18	70	1000	350	69	195	195	195	195	195	195	0	0
1852	18	71	1000	250	70	195	195	195	195	195	195	0	0
1853	18	72	1000	250	71	195	195	195	195	195	195	0	0
1854	18	73	1000	250	72	195	195	195	195	195	195	0	0
1855	18	74	1000	250	73	195	195	195	195	195	195	0	0
1856	18	75	1000	250	74	195	195	195	195	195	195	0	0
1857	18	76	1000	250	75	195	195	195	195	195	195	0	0
1858	18	77	1000	250	76	195	195	195	195	195	195	0	0
1859	18	78	1000	250	77	195	195	195	195	195	195	0	0
1860	18	79	1000	250	78	195	195	195	195	195	195	0	0
1861	18	80	1000	250	79	195	195	195	195	195	195	0	0
1862	18	81	1000	250	80	195	195	195	195	195	195	0	0
1863	18	82	1000	200	81	195	195	195	195	195	195	0	0
1864	18	83	1000	200	82	195	195	195	195	195	195	0	0
1865	18	84	1000	200	83	195	195	195	195	195	195	0	0
1866	18	85	1000	200	84	195	195	195	195	195	195	0	0
1867	18	86	1000	200	85	195	195	195	195	195	195	0	0
1868	18	87	1000	200	86	195	195	195	195	195	195	0	0
1869	18	88	1000	200	87	195	195	195	195	195	195	0	0
1870	18	89	1000	200	88	195	195	195	195	195	195	0	0
1871	18	90	1000	100	89	195	195	195	195	195	195	0	0
1872	18	91	1000	100	90	195	195	195	195	195	195	0	0
1873	18	92	1000	100	91	195	195	195	195	195	195	0	0
1874	18	93	1000	100	92	195	195	195	195	195	195	0	0
1875	18	94	1000	100	93	195	195	195	195	195	195	0	0
1876	18	95	1000	100	94	195	195	195	195	195	195	0	0
1877	18	96	1000	100	95	195	195	195	195	195	195	0	0
1878	18	97	1000	100	96	195	195	195	195	195	195	0	0
1879	18	98	1000	100	97	195	195	195	195	195	195	0	0
1880	18	99	1000	100	98	195	195	195	195	195	195	0	0
