INT	INT	INT	INT	INT	INT	STRING
C_TYPE	C_ITEM_ID	C_DATA_ID	C_PET_LV	C_MIN_LV	C_MAX_LV	C_NAMA
1	30309002	3009	1	0	0	珍兽蛋：兔子
1	30309003	3019	1	0	0	珍兽蛋：燕子
1	30309004	3029	1	0	0	珍兽蛋：乌龟
1	30309005	3039	1	0	0	珍兽蛋：狗
1	30309006	3049	1	0	0	珍兽蛋：刺猬
1	30309007	3059	1	0	0	珍兽蛋：猴子
1	30309008	3069	1	0	0	珍兽蛋：松鼠
1	30309009	3079	1	0	0	珍兽蛋：浣熊
1	30309010	3089	1	0	0	珍兽蛋：鹦鹉
1	30309011	3099	1	0	0	珍兽蛋：蜥蜴
1	30309012	3109	1	0	0	珍兽蛋：蝙蝠
1	30309013	3119	1	0	0	珍兽蛋：大螳螂
1	30309014	3129	1	0	0	珍兽蛋：鳄鱼
1	30309015	3139	1	0	0	珍兽蛋：猫头鹰
1	30309016	3149	1	0	0	珍兽蛋：獾
1	30309017	3159	1	0	0	珍兽蛋：老虎
1	30309018	3169	1	0	0	珍兽蛋：野猪
1	30309019	3179	1	0	0	珍兽蛋：冰蚕
1	30309020	3189	1	0	0	珍兽蛋：鹰
1	30309021	3199	1	0	0	珍兽蛋：鸵鸟
1	30309022	3209	1	0	0	珍兽蛋：豹子
1	30309023	3219	1	0	0	珍兽蛋：北极熊
1	30309024	3229	1	0	0	珍兽蛋：孔雀
1	30309025	3239	1	0	0	珍兽蛋：剑齿虎
1	30309026	3249	1	0	0	珍兽蛋：大猩猩
1	30309027	3259	1	0	0	珍兽蛋：犀牛
1	30309028	3269	1	0	0	珍兽蛋：雪貂
1	30309029	3279	1	0	0	珍兽蛋：剑龙
1	30309030	3289	1	0	0	珍兽蛋：駮马
1	30309031	3299	1	0	0	珍兽蛋：黄鸟
1	30309032	3309	1	0	0	珍兽蛋：年兽
1	30309033	3319	1	0	0	珍兽蛋：龙龟
1	30309034	3329	1	0	0	珍兽蛋：英招
1	30309035	3339	1	0	0	珍兽蛋：麒麟
1	30309036	3349	1	0	0	珍兽蛋：蛟龙
1	30309037	3359	1	0	0	珍兽蛋：柴猫
1	30309038	3369	1	0	0	珍兽蛋：鸡
1	30309039	3379	1	0	0	珍兽蛋：鸭子
1	30309040	3389	1	0	0	珍兽蛋：山羊
1	30309041	3399	1	0	0	珍兽蛋：毛驴
1	30309042	3409	1	0	0	珍兽蛋：鹅
1	30309043	3419	1	0	0	珍兽蛋：霸王龙
1	30309044	3429	1	0	0	珍兽蛋：企鹅
1	30309045	3439	1	0	0	珍兽蛋：袋鼠
1	30309046	3449	1	0	0	珍兽蛋：鸭嘴兽
1	30309047	3459	1	0	0	珍兽蛋：猪
1	30309048	3469	1	0	0	珍兽蛋：青蛙
1	30309049	3479	1	0	0	珍兽蛋：小象
1	30309050	3489	1	0	0	珍兽蛋：雪狐
1	30309051	3499	1	0	0	珍兽蛋：狼
2	30309052	8709	0	1	44	神笛：珍奇鼠
2	30309052	8719	0	45	54	神笛：珍奇鼠
2	30309052	8729	0	55	64	神笛：珍奇鼠
2	30309052	8679	0	65	255	神笛：珍奇鼠
1	30309053	8689	1	0	0	麒麟蛋
1	30309054	8189	1	0	0	珍兽蛋：雷麟
1	30309055	3299	1	0	0	珍兽蛋：雏凤
1	30309056	3159	1	0	0	珍兽蛋：老虎
1	30309057	22569	1	0	0	珍兽蛋：神猿
1	30309058	22579	1	0	0	珍兽蛋：神猿
1	30309059	22589	1	0	0	珍兽蛋：岩魂
1	30309060	22599	1	0	0	珍兽蛋：岩魂
1	30309061	22609	1	0	0	珍兽蛋：岩魂
1	30309062	22619	1	0	0	珍兽蛋：岩魂
1	30309063	22629	1	0	0	珍兽蛋：岩魂
1	30309064	22639	1	0	0	珍兽蛋：岩魂
1	30309065	22649	1	0	0	珍兽蛋：岩魂
2	30309066	8569	0	1	44	珍兽蛋：欢乐猪
2	30309066	8579	0	45	54	珍兽蛋：欢乐猪
2	30309066	8589	0	55	64	珍兽蛋：欢乐猪
2	30309066	8599	0	65	74	珍兽蛋：欢乐猪
2	30309066	8609	0	75	84	珍兽蛋：欢乐猪
2	30309066	8619	0	85	94	珍兽蛋：欢乐猪
2	30309066	8629	0	95	255	珍兽蛋：欢乐猪
2	30309067	22799	0	1	44	珍兽蛋：灵兔兽
2	30309067	22809	0	45	54	珍兽蛋：灵兔兽
2	30309067	22819	0	55	64	珍兽蛋：灵兔兽
2	30309067	22829	0	65	74	珍兽蛋：灵兔兽
2	30309067	22839	0	75	84	珍兽蛋：灵兔兽
2	30309067	22849	0	85	94	珍兽蛋：灵兔兽
2	30309067	22859	0	95	255	珍兽蛋：灵兔兽
1	30309068	23339	1	0	0	珍兽蛋：幼齿龙
1	30309069	23349	1	0	0	珍兽蛋：幼齿龙
1	30309070	23359	1	0	0	珍兽蛋：幼齿龙
1	30309071	23369	1	0	0	珍兽蛋：幼齿龙
1	30309072	23379	1	0	0	珍兽蛋：幼齿龙
1	30309073	23389	1	0	0	珍兽蛋：幼齿龙
1	30309074	23399	1	0	0	珍兽蛋：幼齿龙
2	30309075	23339	0	1	44	珍兽蛋：幼齿龙
2	30309075	23349	0	45	54	珍兽蛋：幼齿龙
2	30309075	23359	0	55	64	珍兽蛋：幼齿龙
2	30309075	23369	0	65	74	珍兽蛋：幼齿龙
2	30309075	23379	0	75	84	珍兽蛋：幼齿龙
2	30309075	23389	0	85	94	珍兽蛋：幼齿龙
2	30309075	23399	0	95	255	珍兽蛋：幼齿龙
1	30309077	23979	1	0	0	珍兽蛋：七巧狸猫
1	30309078	24609	1	0	0	珍兽蛋：狭路逢
1	30309079	24619	1	0	0	珍兽蛋：狭路逢
1	30309080	24629	1	0	0	珍兽蛋：狭路逢
1	30309081	24639	1	0	0	珍兽蛋：狭路逢
1	30309082	24649	1	0	0	珍兽蛋：狭路逢
1	30309083	24658	1	0	0	珍兽蛋：狭路逢
1	30309084	6649	1	0	0	珍兽蛋：玉兔
1	30309085	24599	1	0	0	珍兽蛋：狭路逢
1	30309089	24679	1	0	0	珍兽蛋：安琪儿
1	30309090	24689	1	0	0	珍兽蛋：安琪儿
1	30309091	24699	1	0	0	珍兽蛋：安琪儿
1	30309092	24709	1	0	0	珍兽蛋：安琪儿
1	30309093	24719	1	0	0	珍兽蛋：安琪儿
1	30309094	24729	1	0	0	珍兽蛋：安琪儿
1	30309095	24739	1	0	0	珍兽蛋：安琪儿
1	30309531	30039	1	0	0	珍兽蛋：通臂猿猴
1	30309600	7649	1	0	0	珍兽蛋：龙猫
1	30309601	7659	1	0	0	珍兽蛋：龙猫
1	30309602	7669	1	0	0	珍兽蛋：龙猫
1	30309603	7679	1	0	0	珍兽蛋：龙猫
1	30309604	7689	1	0	0	珍兽蛋：龙猫
1	30309605	7699	1	0	0	珍兽蛋：龙猫
1	30309606	7709	1	0	0	珍兽蛋：龙猫
1	30309607	7789	1	0	0	珍兽蛋：熊猫
1	30309608	7799	1	0	0	珍兽蛋：熊猫
1	30309609	7809	1	0	0	珍兽蛋：熊猫
1	30309610	7819	1	0	0	珍兽蛋：熊猫
1	30309611	7829	1	0	0	珍兽蛋：熊猫
1	30309612	7839	1	0	0	珍兽蛋：熊猫
1	30309613	7849	1	0	0	珍兽蛋：熊猫
1	30309614	7929	1	0	0	珍兽蛋：蝴蝶
1	30309615	7939	1	0	0	珍兽蛋：蝴蝶
1	30309616	7949	1	0	0	珍兽蛋：蝴蝶
1	30309617	7959	1	0	0	珍兽蛋：蝴蝶
1	30309618	7969	1	0	0	珍兽蛋：蝴蝶
1	30309619	7979	1	0	0	珍兽蛋：蝴蝶
1	30309620	7989	1	0	0	珍兽蛋：蝴蝶
1	30309621	7999	1	0	0	珍兽蛋：蜗牛
1	30309622	8009	1	0	0	珍兽蛋：蜗牛
1	30309623	8019	1	0	0	珍兽蛋：蜗牛
1	30309624	8029	1	0	0	珍兽蛋：蜗牛
1	30309625	8039	1	0	0	珍兽蛋：蜗牛
1	30309626	8049	1	0	0	珍兽蛋：蜗牛
1	30309627	8059	1	0	0	珍兽蛋：蜗牛
1	30309628	8069	1	0	0	珍兽蛋：蝎子
1	30309629	8079	1	0	0	珍兽蛋：蝎子
1	30309630	8089	1	0	0	珍兽蛋：蝎子
1	30309631	8099	1	0	0	珍兽蛋：蝎子
1	30309632	8109	1	0	0	珍兽蛋：蝎子
1	30309633	8119	1	0	0	珍兽蛋：蝎子
1	30309634	8129	1	0	0	珍兽蛋：蝎子
1	30309635	7859	1	0	0	珍兽蛋：螃蟹
1	30309636	7869	1	0	0	珍兽蛋：螃蟹
1	30309637	7879	1	0	0	珍兽蛋：螃蟹
1	30309638	7889	1	0	0	珍兽蛋：螃蟹
1	30309639	7899	1	0	0	珍兽蛋：螃蟹
1	30309640	7909	1	0	0	珍兽蛋：螃蟹
1	30309641	7919	1	0	0	珍兽蛋：螃蟹
1	30309642	7719	1	0	0	珍兽蛋：犀鸟
1	30309643	7729	1	0	0	珍兽蛋：犀鸟
1	30309644	7739	1	0	0	珍兽蛋：犀鸟
1	30309645	7749	1	0	0	珍兽蛋：犀鸟
1	30309646	7759	1	0	0	珍兽蛋：犀鸟
1	30309647	7769	1	0	0	珍兽蛋：犀鸟
1	30309648	7779	1	0	0	珍兽蛋：犀鸟
1	30309649	7509	1	0	0	珍兽蛋：鸭嘴兽
1	30309650	7519	1	0	0	珍兽蛋：鸭嘴兽
1	30309651	7529	1	0	0	珍兽蛋：鸭嘴兽
1	30309652	7539	1	0	0	珍兽蛋：鸭嘴兽
1	30309653	7549	1	0	0	珍兽蛋：鸭嘴兽
1	30309654	7559	1	0	0	珍兽蛋：鸭嘴兽
1	30309655	7569	1	0	0	珍兽蛋：鸭嘴兽
1	30309656	7579	1	0	0	珍兽蛋：雪狐
1	30309657	7589	1	0	0	珍兽蛋：雪狐
1	30309658	7599	1	0	0	珍兽蛋：雪狐
1	30309659	7609	1	0	0	珍兽蛋：雪狐
1	30309660	7619	1	0	0	珍兽蛋：雪狐
1	30309661	7629	1	0	0	珍兽蛋：雪狐
1	30309662	7639	1	0	0	珍兽蛋：雪狐
1	30309663	8139	1	0	0	珍兽蛋：穿山甲
1	30309664	8149	1	0	0	珍兽蛋：穿山甲
1	30309665	8159	1	0	0	珍兽蛋：穿山甲
1	30309666	8169	1	0	0	珍兽蛋：穿山甲
1	30309667	8179	1	0	0	珍兽蛋：穿山甲
1	30309668	8189	1	0	0	珍兽蛋：雷麟
1	30309669	8199	1	0	0	珍兽蛋：穿山甲
1	30309670	8209	1	0	0	珍兽蛋：大甲虫
1	30309671	8219	1	0	0	珍兽蛋：大甲虫
1	30309672	8229	1	0	0	珍兽蛋：大甲虫
1	30309673	8239	1	0	0	珍兽蛋：大甲虫
1	30309674	8249	1	0	0	珍兽蛋：大甲虫
1	30309675	8259	1	0	0	珍兽蛋：大甲虫
1	30309676	8269	1	0	0	珍兽蛋：大甲虫
1	30309677	8279	1	0	0	珍兽蛋：当扈
1	30309678	8289	1	0	0	珍兽蛋：当扈
1	30309679	8299	1	0	0	珍兽蛋：当扈
1	30309680	8309	1	0	0	珍兽蛋：当扈
1	30309681	8319	1	0	0	珍兽蛋：当扈
1	30309682	8329	1	0	0	珍兽蛋：当扈
1	30309683	8339	1	0	0	珍兽蛋：当扈
1	30309684	8349	1	0	0	珍兽蛋：海盗鼠
1	30309685	8359	1	0	0	珍兽蛋：海盗鼠
1	30309686	8369	1	0	0	珍兽蛋：海盗鼠
1	30309687	8379	1	0	0	珍兽蛋：海盗鼠
1	30309688	8389	1	0	0	珍兽蛋：海盗鼠
1	30309689	8399	1	0	0	珍兽蛋：海盗鼠
1	30309690	8409	1	0	0	珍兽蛋：海盗鼠
1	30309691	8419	1	0	0	珍兽蛋：宝箱童子
1	30309692	8429	1	0	0	珍兽蛋：宝箱童子
1	30309693	8439	1	0	0	珍兽蛋：宝箱童子
1	30309694	8449	1	0	0	珍兽蛋：宝箱童子
1	30309695	8459	1	0	0	珍兽蛋：宝箱童子
1	30309696	8469	1	0	0	珍兽蛋：宝箱童子
1	30309697	8479	1	0	0	珍兽蛋：宝箱童子
1	30309698	8489	1	0	0	珍兽蛋：树袋熊
1	30309699	8499	1	0	0	珍兽蛋：树袋熊
1	30309700	8509	1	0	0	珍兽蛋：树袋熊
1	30309701	8519	1	0	0	珍兽蛋：树袋熊
1	30309702	8529	1	0	0	珍兽蛋：树袋熊
1	30309703	8539	1	0	0	珍兽蛋：树袋熊
1	30309704	8549	1	0	0	珍兽蛋：树袋熊
1	30309705	8569	1	0	0	珍兽蛋：欢乐猪
1	30309706	8579	1	0	0	珍兽蛋：欢乐猪
1	30309707	8589	1	0	0	珍兽蛋：欢乐猪
1	30309708	8599	1	0	0	珍兽蛋：欢乐猪
1	30309709	8609	1	0	0	珍兽蛋：欢乐猪
1	30309710	8619	1	0	0	珍兽蛋：欢乐猪
1	30309711	8629	1	0	0	珍兽蛋：欢乐猪
1	30309712	8749	1	0	0	珍兽蛋：唐装鼠
1	30309713	8759	1	0	0	珍兽蛋：唐装鼠
1	30309714	8769	1	0	0	珍兽蛋：唐装鼠
1	30309715	8779	1	0	0	珍兽蛋：唐装鼠
1	30309716	8789	1	0	0	珍兽蛋：唐装鼠
1	30309717	8799	1	0	0	珍兽蛋：唐装鼠
1	30309718	8809	1	0	0	珍兽蛋：唐装鼠
1	30309719	8819	1	0	0	珍兽蛋：年兽
1	30309720	8829	1	0	0	珍兽蛋：年兽
1	30309721	8839	1	0	0	珍兽蛋：年兽
1	30309722	8849	1	0	0	珍兽蛋：年兽
1	30309723	8859	1	0	0	珍兽蛋：年兽
1	30309724	8869	1	0	0	珍兽蛋：年兽
1	30309725	8879	1	0	0	珍兽蛋：年兽
1	30309726	8889	1	0	0	珍兽蛋：鸳鸯
1	30309727	8899	1	0	0	珍兽蛋：鸳鸯
1	30309728	8909	1	0	0	珍兽蛋：鸳鸯
1	30309729	8919	1	0	0	珍兽蛋：鸳鸯
1	30309730	8929	1	0	0	珍兽蛋：鸳鸯
1	30309731	8939	1	0	0	珍兽蛋：鸳鸯
1	30309732	8949	1	0	0	珍兽蛋：鸳鸯
1	30309733	22059	1	0	0	珍兽蛋：穷奇
1	30309734	22129	1	0	0	珍兽蛋：小狐仙
1	30309735	22140	1	0	0	珍兽蛋：钢斧神猿
1	30309736	22150	1	0	0	珍兽蛋：丛林神猿
1	30309737	22160	1	0	0	珍兽蛋：地狱神猿
1	30309738	22170	1	0	0	珍兽蛋：魅灵神猿
1	30309739	22180	1	0	0	珍兽蛋：罗汉神猿
1	30309740	22190	1	0	0	珍兽蛋：上古神猿
1	30309741	22219	1	0	0	珍兽蛋：比翼鸟
1	30309742	22229	1	0	0	珍兽蛋：比翼鸟
1	30309743	22239	1	0	0	珍兽蛋：比翼鸟
1	30309744	22249	1	0	0	珍兽蛋：比翼鸟
1	30309745	22259	1	0	0	珍兽蛋：比翼鸟
1	30309746	22269	1	0	0	珍兽蛋：比翼鸟
1	30309747	22279	1	0	0	珍兽蛋：比翼鸟
1	30309748	22289	1	0	0	珍兽蛋：呆呆牛
1	30309749	22299	1	0	0	珍兽蛋：呆呆牛
1	30309750	22309	1	0	0	珍兽蛋：呆呆牛
1	30309751	22319	1	0	0	珍兽蛋：呆呆牛
1	30309752	22329	1	0	0	珍兽蛋：呆呆牛
1	30309753	22339	1	0	0	珍兽蛋：呆呆牛
1	30309754	22349	1	0	0	珍兽蛋：呆呆牛
2	30309755	22359	0	1	44	珍兽蛋：珍奇牛
2	30309755	22369	0	45	54	珍兽蛋：珍奇牛
2	30309755	22379	0	55	64	珍兽蛋：珍奇牛
2	30309755	22389	0	65	74	珍兽蛋：珍奇牛
2	30309755	22399	0	75	84	珍兽蛋：珍奇牛
2	30309755	22409	0	85	255	珍兽蛋：珍奇牛
1	30309756	22489	1	0	0	珍兽蛋：麒麟
2	30309757	22289	0	1	44	珍兽蛋：呆呆牛
2	30309757	22299	0	45	54	珍兽蛋：呆呆牛
2	30309757	22309	0	55	64	珍兽蛋：呆呆牛
2	30309757	22319	0	65	74	珍兽蛋：呆呆牛
2	30309757	22329	0	75	84	珍兽蛋：呆呆牛
2	30309757	22339	0	85	94	珍兽蛋：呆呆牛
2	30309757	22349	0	95	255	珍兽蛋：呆呆牛
1	30309765	22799	1	0	0	珍兽蛋：灵兔兽
1	30309766	22809	1	0	0	珍兽蛋：灵兔兽
1	30309767	22819	1	0	0	珍兽蛋：灵兔兽
1	30309768	22829	1	0	0	珍兽蛋：灵兔兽
1	30309769	22839	1	0	0	珍兽蛋：灵兔兽
1	30309770	22849	1	0	0	珍兽蛋：灵兔兽
1	30309771	22859	1	0	0	珍兽蛋：灵兔兽
1	30309772	22729	1	0	0	珍兽蛋：废柴
1	30309773	22739	1	0	0	珍兽蛋：废柴
1	30309774	22749	1	0	0	珍兽蛋：废柴
1	30309775	22759	1	0	0	珍兽蛋：废柴
1	30309776	22769	1	0	0	珍兽蛋：废柴
1	30309777	22779	1	0	0	珍兽蛋：废柴
1	30309778	22789	1	0	0	珍兽蛋：废柴
1	30309779	3001	1	0	0	珍兽蛋：变异兔子
1	30309780	3011	1	0	0	珍兽蛋：变异燕子
1	30309781	3021	1	0	0	珍兽蛋：变异乌龟
1	30309782	3031	1	0	0	珍兽蛋：变异狗
1	30309783	3041	1	0	0	珍兽蛋：变异刺猬
1	30309784	3051	1	0	0	珍兽蛋：变异猴子
1	30309785	3061	1	0	0	珍兽蛋：变异松鼠
1	30309786	3071	1	0	0	珍兽蛋：变异浣熊
1	30309787	3081	1	0	0	珍兽蛋：变异鹦鹉
1	30309805	23019	1	0	0	神秘珍兽蛋
1	30309806	23029	1	0	0	神秘珍兽蛋
1	30309807	23039	1	0	0	神秘珍兽蛋
1	30309808	22949	1	0	0	珍兽蛋：香甜火鸡
1	30309809	22959	1	0	0	珍兽蛋：醋椒火鸡
1	30309810	22969	1	0	0	珍兽蛋：番茄火鸡
1	30309811	22979	1	0	0	珍兽蛋：蓝莓火鸡
1	30309812	22989	1	0	0	珍兽蛋：蒜泥火鸡
1	30309813	22999	1	0	0	珍兽蛋：咖喱火鸡
1	30309814	23009	1	0	0	珍兽蛋：奶油火鸡
2	30309815	23189	0	1	44	珍兽蛋：珍奇虎
2	30309815	23199	0	45	54	珍兽蛋：珍奇虎
2	30309815	23209	0	55	64	珍兽蛋：珍奇虎
2	30309815	23219	0	65	74	珍兽蛋：珍奇虎
2	30309815	23229	0	75	84	珍兽蛋：珍奇虎
2	30309815	23239	0	85	94	珍兽蛋：珍奇虎
2	30309815	23249	0	95	255	珍兽蛋：珍奇虎
1	30309816	23259	1	0	0	珍兽蛋：布老虎
1	30309817	23269	1	0	0	珍兽蛋：布老虎
1	30309818	23279	1	0	0	珍兽蛋：布老虎
1	30309819	23289	1	0	0	珍兽蛋：布老虎
1	30309820	23299	1	0	0	珍兽蛋：布老虎
1	30309821	23309	1	0	0	珍兽蛋：布老虎
1	30309822	23319	1	0	0	珍兽蛋：布老虎
1	30309827	23119	1	0	0	珍兽蛋：驯鹿
1	30309828	23129	1	0	0	珍兽蛋：驯鹿
1	30309829	23139	1	0	0	珍兽蛋：驯鹿
1	30309830	23149	1	0	0	珍兽蛋：驯鹿
1	30309831	23159	1	0	0	珍兽蛋：驯鹿
1	30309832	23169	1	0	0	珍兽蛋：驯鹿
1	30309833	23179	1	0	0	珍兽蛋：驯鹿
1	30309837	23409	1	0	0	珍兽蛋：熊猫双侠
1	30309838	23419	1	0	0	珍兽蛋：熊猫双侠
1	30309839	23429	1	0	0	珍兽蛋：熊猫双侠
1	30309840	23439	1	0	0	珍兽蛋：熊猫双侠
1	30309841	23449	1	0	0	珍兽蛋：熊猫双侠
1	30309842	23459	1	0	0	珍兽蛋：熊猫双侠
1	30309843	23469	1	0	0	珍兽蛋：熊猫双侠
2	30309844	7509	0	1	44	珍兽蛋：鸭嘴兽
2	30309844	7519	0	45	54	珍兽蛋：鸭嘴兽
2	30309844	7529	0	55	64	珍兽蛋：鸭嘴兽
2	30309844	7539	0	65	74	珍兽蛋：鸭嘴兽
2	30309844	7549	0	75	84	珍兽蛋：鸭嘴兽
2	30309844	7559	0	85	94	珍兽蛋：鸭嘴兽
2	30309844	7569	0	95	255	珍兽蛋：鸭嘴兽
1	30309845	3069	1	0	0	珍兽蛋：松鼠
1	30309983	30909	1	0	0	珍兽蛋：秦小偶
1	30309985	30919	1	0	0	珍兽蛋：秦小偶
1	30309986	30929	1	0	0	珍兽蛋：秦小偶
1	30309987	30939	1	0	0	珍兽蛋：秦小偶
1	30309990	31208	1	0	0	珍兽蛋：火焰妖魔
1	30309991	31249	1	0	0	珍兽蛋：四时山君
1	30309992	31259	1	0	0	珍兽蛋：四时山君
1	30309993	31269	1	0	0	珍兽蛋：四时山君
1	30309994	31279	1	0	0	珍兽蛋：四时山君
1	30309997	23049	1	0	0	珍兽蛋：花仙子
1	30309998	23049	1	0	0	珍兽蛋：花仙子
1	30309999	23069	1	0	0	珍兽蛋：花仙子
1	30310000	23079	1	0	0	珍兽蛋：花仙子
1	30310001	23089	1	0	0	珍兽蛋：花仙子
1	30310002	23099	1	0	0	珍兽蛋：花仙子
1	30310003	23109	1	0	0	珍兽蛋：花仙子
1	30310004	31289	1	0	0	珍兽蛋：霓凰
1	30310005	31299	1	0	0	珍兽蛋：霓凰
1	30310006	31309	1	0	0	珍兽蛋：霓凰
1	30310007	31319	1	0	0	珍兽蛋：霓凰
1	30310008	31329	1	0	0	珍兽蛋：霓凰
1	30310009	31339	1	0	0	珍兽蛋：霓凰
1	30310010	31349	1	0	0	珍兽蛋：霓凰
1	30310012	24759	1	0	0	珍兽蛋：巧巧
1	30310013	24769	1	0	0	珍兽蛋：巧巧
1	30310014	24779	1	0	0	珍兽蛋：巧巧
1	30310015	24789	1	0	0	珍兽蛋：巧巧
1	30310016	24799	1	0	0	珍兽蛋：巧巧
1	30310017	24809	1	0	0	珍兽蛋：巧巧
1	30310018	24819	1	0	0	珍兽蛋：巧巧
1	30310023	24839	1	0	0	珍兽蛋：天命玄凤
1	30310024	24849	1	0	0	珍兽蛋：天命玄凤
1	30310025	24859	1	0	0	珍兽蛋：天命玄凤
1	30310026	24869	1	0	0	珍兽蛋：天命玄凤
1	30310027	24879	1	0	0	珍兽蛋：天命玄凤
1	30310028	24889	1	0	0	珍兽蛋：天命玄凤
1	30310029	24899	1	0	0	珍兽蛋：天命玄凤
1	30310031	24919	1	0	0	珍兽蛋：囚牛
1	30310032	24929	1	0	0	珍兽蛋：囚牛
1	30310033	24939	1	0	0	珍兽蛋：囚牛
1	30310034	24949	1	0	0	珍兽蛋：囚牛
1	30310035	24959	1	0	0	珍兽蛋：囚牛
1	30310036	24969	1	0	0	珍兽蛋：囚牛
1	30310037	24979	1	0	0	珍兽蛋：囚牛
1	30310039	23989	1	0	0	珍兽蛋：小花妖
1	30310040	23999	1	0	0	珍兽蛋：小花妖
1	30310041	24009	1	0	0	珍兽蛋：小花妖
1	30310042	24019	1	0	0	珍兽蛋：小花妖
1	30310043	24029	1	0	0	珍兽蛋：小花妖
1	30310044	24039	1	0	0	珍兽蛋：小花妖
1	30310045	24049	1	0	0	珍兽蛋：小花妖
1	30310055	27499	1	0	0	珍兽蛋：七彩辉骏
1	30310056	27509	1	0	0	珍兽蛋：七彩辉骏
1	30310057	27519	1	0	0	珍兽蛋：七彩辉骏
1	30310058	27529	1	0	0	珍兽蛋：七彩辉骏
1	30310059	27539	1	0	0	珍兽蛋：七彩辉骏
1	30310060	27549	1	0	0	珍兽蛋：七彩辉骏
1	30310061	27559	1	0	0	珍兽蛋：七彩辉骏
1	30310078	27649	1	0	0	珍兽蛋：鸾凤和鸣
1	30310079	27659	1	0	0	珍兽蛋：鸾凤和鸣
1	30310080	27669	1	0	0	珍兽蛋：鸾凤和鸣
1	30310081	27679	1	0	0	珍兽蛋：鸾凤和鸣
1	30310082	27689	1	0	0	珍兽蛋：鸾凤和鸣
1	30310083	27699	1	0	0	珍兽蛋：鸾凤和鸣
1	30310084	27709	1	0	0	珍兽蛋：鸾凤和鸣
1	30310097	30119	1	0	0	珍兽蛋：覆海龙君
1	30310098	30129	1	0	0	珍兽蛋：覆海龙君
1	30310099	30139	1	0	0	珍兽蛋：覆海龙君
1	30310100	30149	1	0	0	珍兽蛋：覆海龙君
1	30310101	30159	1	0	0	珍兽蛋：覆海龙君
1	30310102	30169	1	0	0	珍兽蛋：覆海龙君
1	30310103	30179	1	0	0	珍兽蛋：覆海龙君
1	30310105	27829	1	0	0	珍兽蛋：飓风圣兽
1	30310106	27839	1	0	0	珍兽蛋：飓风圣兽
1	30310107	27849	1	0	0	珍兽蛋：飓风圣兽
1	30310108	27859	1	0	0	珍兽蛋：飓风圣兽
1	30310109	27869	1	0	0	珍兽蛋：飓风圣兽
1	30310110	27879	1	0	0	珍兽蛋：飓风圣兽
1	30310111	27889	1	0	0	珍兽蛋：飓风圣兽
1	30310116	27819	1	0	0	珍兽蛋：小鹿呦呦
1	30310118	30949	1	0	0	珍兽蛋：千锋战蝎
1	30310119	30959	1	0	0	珍兽蛋：千锋战蝎
1	30310120	30969	1	0	0	珍兽蛋：千锋战蝎
1	30310121	30979	1	0	0	珍兽蛋：千锋战蝎
1	30310122	30989	1	0	0	珍兽蛋：千锋战蝎
1	30310123	30999	1	0	0	珍兽蛋：千锋战蝎
1	30310124	31009	1	0	0	珍兽蛋：千锋战蝎
1	30310130	30189	1	0	0	珍兽蛋：平天大圣
1	30310131	30199	1	0	0	珍兽蛋：平天大圣
1	30310132	30209	1	0	0	珍兽蛋：平天大圣
1	30310133	30219	1	0	0	珍兽蛋：平天大圣
1	30310134	30229	1	0	0	珍兽蛋：平天大圣
1	30310135	30239	1	0	0	珍兽蛋：平天大圣
1	30310136	30249	1	0	0	珍兽蛋：平天大圣
1	30310141	6739	1	0	0	珍兽蛋：百变圣僧
1	30310142	6749	1	0	0	珍兽蛋：百变圣僧
1	30310143	6759	1	0	0	珍兽蛋：百变圣僧
1	30310144	6769	1	0	0	珍兽蛋：百变圣僧
1	30310145	6779	1	0	0	珍兽蛋：百变圣僧
1	30310146	6789	1	0	0	珍兽蛋：百变圣僧
1	30310147	6799	1	0	0	珍兽蛋：百变圣僧
1	30310149	27939	1	0	0	珍兽蛋：灵巫月神
1	30310150	27949	1	0	0	珍兽蛋：灵巫月神
1	30310151	27959	1	0	0	珍兽蛋：灵巫月神
1	30310152	27969	1	0	0	珍兽蛋：灵巫月神
1	30310153	27979	1	0	0	珍兽蛋：灵巫月神
1	30310154	27989	1	0	0	珍兽蛋：灵巫月神
1	30310155	27999	1	0	0	珍兽蛋：灵巫月神
1	30310160	25929	1	0	0	珍兽蛋：黑山姥姥
1	30310161	25939	1	0	0	珍兽蛋：黑山姥姥
1	30310162	25949	1	0	0	珍兽蛋：黑山姥姥
1	30310163	25959	1	0	0	珍兽蛋：黑山姥姥
1	30310164	25969	1	0	0	珍兽蛋：黑山姥姥
1	30310165	25979	1	0	0	珍兽蛋：黑山姥姥
1	30310166	25989	1	0	0	珍兽蛋：黑山姥姥
1	30310171	26039	1	0	0	珍兽蛋：六耳猕猴
1	30310172	26049	1	0	0	珍兽蛋：六耳猕猴
1	30310173	26059	1	0	0	珍兽蛋：六耳猕猴
1	30310174	26069	1	0	0	珍兽蛋：六耳猕猴
1	30310175	26079	1	0	0	珍兽蛋：六耳猕猴
1	30310176	26089	1	0	0	珍兽蛋：六耳猕猴
1	30310177	26099	1	0	0	珍兽蛋：六耳猕猴
2	30320000	24269	0	5	44	珍兽蛋：精灵兔
2	30320000	24279	0	45	54	珍兽蛋：精灵兔
2	30320000	24289	0	55	64	珍兽蛋：精灵兔
2	30320000	24299	0	65	74	珍兽蛋：精灵兔
2	30320000	24309	0	75	84	珍兽蛋：精灵兔
2	30320000	24319	0	85	94	珍兽蛋：精灵兔
2	30320000	24329	0	95	255	珍兽蛋：精灵兔
2	30320001	24339	0	5	44	珍兽蛋：锦毛鼠
2	30320001	24349	0	45	54	珍兽蛋：锦毛鼠
2	30320001	24359	0	55	64	珍兽蛋：锦毛鼠
2	30320001	24369	0	65	74	珍兽蛋：锦毛鼠
2	30320001	24379	0	75	84	珍兽蛋：锦毛鼠
2	30320001	24389	0	85	94	珍兽蛋：锦毛鼠
2	30320001	24399	0	95	255	珍兽蛋：锦毛鼠
1	30320002	24419	1	0	0	珍兽蛋：YY熊
2	30320003	24519	0	5	44	珍兽蛋：百变猫
2	30320003	24529	0	45	54	珍兽蛋：百变猫
2	30320003	24539	0	55	64	珍兽蛋：百变猫
2	30320003	24549	0	65	74	珍兽蛋：百变猫
2	30320003	24559	0	75	84	珍兽蛋：百变猫
2	30320003	24569	0	85	94	珍兽蛋：百变猫
2	30320003	24579	0	95	255	珍兽蛋：百变猫
2	30320004	25859	0	5	44	珍兽蛋：金童玉女
2	30320004	25869	0	45	54	珍兽蛋：金童玉女
2	30320004	25879	0	55	64	珍兽蛋：金童玉女
2	30320004	25889	0	65	74	珍兽蛋：金童玉女
2	30320004	25899	0	75	84	珍兽蛋：金童玉女
2	30320004	25909	0	85	94	珍兽蛋：金童玉女
2	30320004	25919	0	95	255	珍兽蛋：金童玉女
2	30320005	27009	0	5	44	珍兽蛋：鼹鼠
2	30320005	27019	0	45	54	珍兽蛋：鼹鼠
2	30320005	27029	0	55	64	珍兽蛋：鼹鼠
2	30320005	27039	0	65	74	珍兽蛋：鼹鼠
2	30320005	27049	0	75	84	珍兽蛋：鼹鼠
2	30320005	27059	0	85	94	珍兽蛋：鼹鼠
2	30320005	27069	0	95	255	珍兽蛋：鼹鼠
2	30320006	27079	0	5	44	珍兽蛋：捣蛋鼠
2	30320006	27089	0	45	54	珍兽蛋：捣蛋鼠
2	30320006	27099	0	55	64	珍兽蛋：捣蛋鼠
2	30320006	27109	0	65	74	珍兽蛋：捣蛋鼠
2	30320006	27119	0	75	84	珍兽蛋：捣蛋鼠
2	30320006	27129	0	85	94	珍兽蛋：捣蛋鼠
2	30320006	27139	0	95	255	珍兽蛋：捣蛋鼠
2	30320007	27149	0	5	44	珍兽蛋：咩小萌
2	30320007	27159	0	45	54	珍兽蛋：咩小萌
2	30320007	27169	0	55	64	珍兽蛋：咩小萌
2	30320007	27179	0	65	74	珍兽蛋：咩小萌
2	30320007	27189	0	75	84	珍兽蛋：咩小萌
2	30320007	27199	0	85	94	珍兽蛋：咩小萌
2	30320007	27209	0	95	255	珍兽蛋：咩小萌
2	30320008	27229	0	5	44	珍兽蛋：美人鱼
2	30320008	27239	0	45	54	珍兽蛋：美人鱼
2	30320008	27249	0	55	64	珍兽蛋：美人鱼
2	30320008	27259	0	65	74	珍兽蛋：美人鱼
2	30320008	27269	0	75	84	珍兽蛋：美人鱼
2	30320008	27279	0	85	94	珍兽蛋：美人鱼
2	30320008	27289	0	95	255	珍兽蛋：美人鱼
2	30320009	27299	0	5	44	珍兽蛋：天蓬揽月
2	30320009	27309	0	45	54	珍兽蛋：天蓬揽月
2	30320009	27319	0	55	64	珍兽蛋：天蓬揽月
2	30320009	27329	0	65	74	珍兽蛋：天蓬揽月
2	30320009	27339	0	75	84	珍兽蛋：天蓬揽月
2	30320009	27349	0	85	94	珍兽蛋：天蓬揽月
2	30320009	27359	0	95	255	珍兽蛋：天蓬揽月
2	30320010	27429	0	5	44	珍兽蛋：烈兔甜心
2	30320010	27439	0	45	54	珍兽蛋：烈兔甜心
2	30320010	27449	0	55	64	珍兽蛋：烈兔甜心
2	30320010	27459	0	65	74	珍兽蛋：烈兔甜心
2	30320010	27469	0	75	84	珍兽蛋：烈兔甜心
2	30320010	27479	0	85	94	珍兽蛋：烈兔甜心
2	30320010	27489	0	95	255	珍兽蛋：烈兔甜心
2	30320011	28119	0	5	44	珍兽蛋：太苍龙子
2	30320011	28129	0	45	54	珍兽蛋：太苍龙子
2	30320011	28139	0	55	64	珍兽蛋：太苍龙子
2	30320011	28149	0	65	74	珍兽蛋：太苍龙子
2	30320011	28159	0	75	84	珍兽蛋：太苍龙子
2	30320011	28169	0	85	94	珍兽蛋：太苍龙子
2	30320011	28179	0	95	255	珍兽蛋：太苍龙子
2	30320012	28189	0	5	44	珍兽蛋：暴走熊猫
2	30320012	28199	0	45	54	珍兽蛋：暴走熊猫
2	30320012	28209	0	55	64	珍兽蛋：暴走熊猫
2	30320012	28219	0	65	74	珍兽蛋：暴走熊猫
2	30320012	28229	0	75	84	珍兽蛋：暴走熊猫
2	30320012	28239	0	85	94	珍兽蛋：暴走熊猫
2	30320012	28249	0	95	255	珍兽蛋：暴走熊猫
2	30320013	28259	0	5	44	珍兽蛋：萌音花灵
2	30320013	28269	0	45	54	珍兽蛋：萌音花灵
2	30320013	28279	0	55	64	珍兽蛋：萌音花灵
2	30320013	28289	0	65	74	珍兽蛋：萌音花灵
2	30320013	28299	0	75	84	珍兽蛋：萌音花灵
2	30320013	28309	0	85	94	珍兽蛋：萌音花灵
2	30320013	28319	0	95	255	珍兽蛋：萌音花灵
2	30320014	28339	0	5	44	珍兽蛋：小马哥
2	30320014	28349	0	45	54	珍兽蛋：小马哥
2	30320014	28359	0	55	64	珍兽蛋：小马哥
2	30320014	28369	0	65	74	珍兽蛋：小马哥
2	30320014	28379	0	75	84	珍兽蛋：小马哥
2	30320014	28389	0	85	94	珍兽蛋：小马哥
2	30320014	28399	0	95	255	珍兽蛋：小马哥
2	30320015	28409	0	5	44	珍兽蛋：百战金刚
2	30320015	28419	0	45	54	珍兽蛋：百战金刚
2	30320015	28429	0	55	64	珍兽蛋：百战金刚
2	30320015	28439	0	65	74	珍兽蛋：百战金刚
2	30320015	28449	0	75	84	珍兽蛋：百战金刚
2	30320015	28459	0	85	94	珍兽蛋：百战金刚
2	30320015	28469	0	95	255	珍兽蛋：百战金刚
2	30320016	28479	0	5	44	珍兽蛋：青羊真君
2	30320016	28489	0	45	54	珍兽蛋：青羊真君
2	30320016	28499	0	55	64	珍兽蛋：青羊真君
2	30320016	28509	0	65	74	珍兽蛋：青羊真君
2	30320016	28519	0	75	84	珍兽蛋：青羊真君
2	30320016	28529	0	85	94	珍兽蛋：青羊真君
2	30320016	28539	0	95	255	珍兽蛋：青羊真君
2	30320017	28549	0	5	44	珍兽蛋：羚天大圣
2	30320017	28559	0	45	54	珍兽蛋：羚天大圣
2	30320017	28569	0	55	64	珍兽蛋：羚天大圣
2	30320017	28579	0	65	74	珍兽蛋：羚天大圣
2	30320017	28589	0	75	84	珍兽蛋：羚天大圣
2	30320017	28599	0	85	94	珍兽蛋：羚天大圣
2	30320017	28609	0	95	255	珍兽蛋：羚天大圣
2	30320018	29389	0	5	44	珍兽蛋：憨逗熊
2	30320018	29399	0	45	54	珍兽蛋：憨逗熊
2	30320018	29409	0	55	64	珍兽蛋：憨逗熊
2	30320018	29419	0	65	74	珍兽蛋：憨逗熊
2	30320018	29429	0	75	84	珍兽蛋：憨逗熊
2	30320018	29439	0	85	94	珍兽蛋：憨逗熊
2	30320018	29449	0	95	255	珍兽蛋：憨逗熊
2	30320019	29469	0	5	44	珍兽蛋：人鱼公主
2	30320019	29479	0	45	54	珍兽蛋：人鱼公主
2	30320019	29489	0	55	64	珍兽蛋：人鱼公主
2	30320019	29499	0	65	74	珍兽蛋：人鱼公主
2	30320019	29509	0	75	84	珍兽蛋：人鱼公主
2	30320019	29519	0	85	94	珍兽蛋：人鱼公主
2	30320019	29529	0	95	255	珍兽蛋：人鱼公主
2	30320020	29549	0	5	44	珍兽蛋：战修罗
2	30320020	29559	0	45	54	珍兽蛋：战修罗
2	30320020	29569	0	55	64	珍兽蛋：战修罗
2	30320020	29579	0	65	74	珍兽蛋：战修罗
2	30320020	29589	0	75	84	珍兽蛋：战修罗
2	30320020	29599	0	85	94	珍兽蛋：战修罗
2	30320020	29609	0	95	255	珍兽蛋：战修罗
2	30320021	29619	0	5	44	珍兽蛋：邪灵
2	30320021	29629	0	45	54	珍兽蛋：邪灵
2	30320021	29639	0	55	64	珍兽蛋：邪灵
2	30320021	29649	0	65	74	珍兽蛋：邪灵
2	30320021	29659	0	75	84	珍兽蛋：邪灵
2	30320021	29669	0	85	94	珍兽蛋：邪灵
2	30320021	29679	0	95	255	珍兽蛋：邪灵
2	30320022	29689	0	5	44	珍兽蛋：狐妖剑君
2	30320022	29699	0	45	54	珍兽蛋：狐妖剑君
2	30320022	29709	0	55	64	珍兽蛋：狐妖剑君
2	30320022	29719	0	65	74	珍兽蛋：狐妖剑君
2	30320022	29729	0	75	84	珍兽蛋：狐妖剑君
2	30320022	29739	0	85	94	珍兽蛋：狐妖剑君
2	30320022	29749	0	95	255	珍兽蛋：狐妖剑君
2	30320023	29759	0	5	44	珍兽蛋：九霄战龙
2	30320023	29769	0	45	54	珍兽蛋：九霄战龙
2	30320023	29779	0	55	64	珍兽蛋：九霄战龙
2	30320023	29789	0	65	74	珍兽蛋：九霄战龙
2	30320023	29799	0	75	84	珍兽蛋：九霄战龙
2	30320023	29809	0	85	94	珍兽蛋：九霄战龙
2	30320023	29819	0	95	255	珍兽蛋：九霄战龙
2	30320024	29829	0	5	44	珍兽蛋：同心鸳鸯
2	30320024	29839	0	45	54	珍兽蛋：同心鸳鸯
2	30320024	29849	0	55	64	珍兽蛋：同心鸳鸯
2	30320024	29859	0	65	74	珍兽蛋：同心鸳鸯
2	30320024	29869	0	75	84	珍兽蛋：同心鸳鸯
2	30320024	29879	0	85	94	珍兽蛋：同心鸳鸯
2	30320024	29889	0	95	255	珍兽蛋：同心鸳鸯
2	30320025	29899	0	5	44	珍兽蛋：铁扇公主
2	30320025	29909	0	45	54	珍兽蛋：铁扇公主
2	30320025	29919	0	55	64	珍兽蛋：铁扇公主
2	30320025	29929	0	65	74	珍兽蛋：铁扇公主
2	30320025	29939	0	75	84	珍兽蛋：铁扇公主
2	30320025	29949	0	85	94	珍兽蛋：铁扇公主
2	30320025	29959	0	95	255	珍兽蛋：铁扇公主
2	30320026	30329	0	5	44	珍兽蛋：二郎真君
2	30320026	30339	0	45	54	珍兽蛋：二郎真君
2	30320026	30349	0	55	64	珍兽蛋：二郎真君
2	30320026	30359	0	65	74	珍兽蛋：二郎真君
2	30320026	30369	0	75	84	珍兽蛋：二郎真君
2	30320026	30379	0	85	94	珍兽蛋：二郎真君
2	30320026	30389	0	95	255	珍兽蛋：二郎真君
2	30320027	30409	0	5	44	珍兽蛋：龙三太子
2	30320027	30419	0	45	54	珍兽蛋：龙三太子
2	30320027	30429	0	55	64	珍兽蛋：龙三太子
2	30320027	30439	0	65	74	珍兽蛋：龙三太子
2	30320027	30449	0	75	84	珍兽蛋：龙三太子
2	30320027	30459	0	85	94	珍兽蛋：龙三太子
2	30320027	30469	0	95	255	珍兽蛋：龙三太子
2	30320028	30509	0	5	44	珍兽蛋：狐小仙
2	30320028	30519	0	45	54	珍兽蛋：狐小仙
2	30320028	30529	0	55	64	珍兽蛋：狐小仙
2	30320028	30539	0	65	74	珍兽蛋：狐小仙
2	30320028	30549	0	75	84	珍兽蛋：狐小仙
2	30320028	30559	0	85	94	珍兽蛋：狐小仙
2	30320028	30569	0	95	255	珍兽蛋：狐小仙
2	30320029	34189	0	5	44	珍兽蛋：己亥星君
2	30320029	34199	0	45	54	珍兽蛋：己亥星君
2	30320029	34209	0	55	64	珍兽蛋：己亥星君
2	30320029	34219	0	65	74	珍兽蛋：己亥星君
2	30320029	34229	0	75	84	珍兽蛋：己亥星君
2	30320029	34239	0	85	94	珍兽蛋：己亥星君
2	30320029	34249	0	95	255	珍兽蛋：己亥星君
2	30320030	34329	0	5	44	珍兽蛋：七宝鸳鸯
2	30320030	34339	0	45	54	珍兽蛋：七宝鸳鸯
2	30320030	34349	0	55	64	珍兽蛋：七宝鸳鸯
2	30320030	34359	0	65	74	珍兽蛋：七宝鸳鸯
2	30320030	34369	0	75	84	珍兽蛋：七宝鸳鸯
2	30320030	34379	0	85	94	珍兽蛋：七宝鸳鸯
2	30320030	34389	0	95	255	珍兽蛋：七宝鸳鸯
2	30320031	34399	0	5	44	珍兽蛋：九霄开明
2	30320031	34409	0	45	54	珍兽蛋：九霄开明
2	30320031	34419	0	55	64	珍兽蛋：九霄开明
2	30320031	34429	0	65	74	珍兽蛋：九霄开明
2	30320031	34439	0	75	84	珍兽蛋：九霄开明
2	30320031	34449	0	85	94	珍兽蛋：九霄开明
2	30320031	34459	0	95	255	珍兽蛋：九霄开明
2	30320032	34469	0	5	44	珍兽蛋：太白鹿灵
2	30320032	34479	0	45	54	珍兽蛋：太白鹿灵
2	30320032	34489	0	55	64	珍兽蛋：太白鹿灵
2	30320032	34499	0	65	74	珍兽蛋：太白鹿灵
2	30320032	34509	0	75	84	珍兽蛋：太白鹿灵
2	30320032	34519	0	85	94	珍兽蛋：太白鹿灵
2	30320032	34529	0	95	255	珍兽蛋：太白鹿灵
2	30320033	34539	0	5	44	珍兽蛋：太平时则
2	30320033	34549	0	45	54	珍兽蛋：太平时则
2	30320033	34559	0	55	64	珍兽蛋：太平时则
2	30320033	34569	0	65	74	珍兽蛋：太平时则
2	30320033	34579	0	75	84	珍兽蛋：太平时则
2	30320033	34589	0	85	94	珍兽蛋：太平时则
2	30320033	34599	0	95	255	珍兽蛋：太平时则
2	30320034	34609	0	5	44	珍兽蛋：天乙贵人
2	30320034	34619	0	45	54	珍兽蛋：天乙贵人
2	30320034	34629	0	55	64	珍兽蛋：天乙贵人
2	30320034	34639	0	65	74	珍兽蛋：天乙贵人
2	30320034	34649	0	75	84	珍兽蛋：天乙贵人
2	30320034	34659	0	85	94	珍兽蛋：天乙贵人
2	30320034	34669	0	95	255	珍兽蛋：天乙贵人
2	30320035	34689	0	5	44	珍兽蛋：妙法小僧
2	30320035	34699	0	45	54	珍兽蛋：妙法小僧
2	30320035	34709	0	55	64	珍兽蛋：妙法小僧
2	30320035	34719	0	65	74	珍兽蛋：妙法小僧
2	30320035	34729	0	75	84	珍兽蛋：妙法小僧
2	30320035	34739	0	85	94	珍兽蛋：妙法小僧
2	30320035	34749	0	95	255	珍兽蛋：妙法小僧
2	30320036	34759	0	5	44	珍兽蛋：元亨明屿
2	30320036	34769	0	45	54	珍兽蛋：元亨明屿
2	30320036	34779	0	55	64	珍兽蛋：元亨明屿
2	30320036	34789	0	65	74	珍兽蛋：元亨明屿
2	30320036	34799	0	75	84	珍兽蛋：元亨明屿
2	30320036	34809	0	85	94	珍兽蛋：元亨明屿
2	30320036	34819	0	95	255	珍兽蛋：元亨明屿
2	30320037	34829	0	5	44	珍兽蛋：和贞仙蓬
2	30320037	34839	0	45	54	珍兽蛋：和贞仙蓬
2	30320037	34849	0	55	64	珍兽蛋：和贞仙蓬
2	30320037	34859	0	65	74	珍兽蛋：和贞仙蓬
2	30320037	34869	0	75	84	珍兽蛋：和贞仙蓬
2	30320037	34879	0	85	94	珍兽蛋：和贞仙蓬
2	30320037	34889	0	95	255	珍兽蛋：和贞仙蓬
2	30320038	34899	0	5	44	珍兽蛋：烛引沧溟
2	30320038	34909	0	45	54	珍兽蛋：烛引沧溟
2	30320038	34919	0	55	64	珍兽蛋：烛引沧溟
2	30320038	34929	0	65	74	珍兽蛋：烛引沧溟
2	30320038	34939	0	75	84	珍兽蛋：烛引沧溟
2	30320038	34949	0	85	94	珍兽蛋：烛引沧溟
2	30320038	34959	0	95	255	珍兽蛋：烛引沧溟
2	30320039	34969	0	5	44	珍兽蛋：昭明归墟
2	30320039	34979	0	45	54	珍兽蛋：昭明归墟
2	30320039	34989	0	55	64	珍兽蛋：昭明归墟
2	30320039	34999	0	65	74	珍兽蛋：昭明归墟
2	30320039	35009	0	75	84	珍兽蛋：昭明归墟
2	30320039	35019	0	85	94	珍兽蛋：昭明归墟
2	30320039	35029	0	95	255	珍兽蛋：昭明归墟
2	30320040	35039	0	5	44	珍兽蛋：咏爱公主
2	30320040	35049	0	45	54	珍兽蛋：咏爱公主
2	30320040	35059	0	55	64	珍兽蛋：咏爱公主
2	30320040	35069	0	65	74	珍兽蛋：咏爱公主
2	30320040	35079	0	75	84	珍兽蛋：咏爱公主
2	30320040	35089	0	85	94	珍兽蛋：咏爱公主
2	30320040	35099	0	95	255	珍兽蛋：咏爱公主
2	30320041	35109	0	5	44	珍兽蛋：誓约骑士
2	30320041	35119	0	45	54	珍兽蛋：誓约骑士
2	30320041	35129	0	55	64	珍兽蛋：誓约骑士
2	30320041	35139	0	65	74	珍兽蛋：誓约骑士
2	30320041	35149	0	75	84	珍兽蛋：誓约骑士
2	30320041	35159	0	85	94	珍兽蛋：誓约骑士
2	30320041	35169	0	95	255	珍兽蛋：誓约骑士
2	30320042	35179	0	5	44	珍兽蛋：天蓬逐月
2	30320042	35189	0	45	54	珍兽蛋：天蓬逐月
2	30320042	35199	0	55	64	珍兽蛋：天蓬逐月
2	30320042	35209	0	65	74	珍兽蛋：天蓬逐月
2	30320042	35219	0	75	84	珍兽蛋：天蓬逐月
2	30320042	35229	0	85	94	珍兽蛋：天蓬逐月
2	30320042	35239	0	95	255	珍兽蛋：天蓬逐月
2	30320043	35249	0	5	44	珍兽蛋：百变熊猫
2	30320043	35259	0	45	54	珍兽蛋：百变熊猫
2	30320043	35269	0	55	64	珍兽蛋：百变熊猫
2	30320043	35279	0	65	74	珍兽蛋：百变熊猫
2	30320043	35289	0	75	84	珍兽蛋：百变熊猫
2	30320043	35299	0	85	94	珍兽蛋：百变熊猫
2	30320043	35309	0	95	255	珍兽蛋：百变熊猫
2	30320044	35319	0	5	44	珍兽蛋：破阵将魂
2	30320044	35329	0	45	54	珍兽蛋：破阵将魂
2	30320044	35339	0	55	64	珍兽蛋：破阵将魂
2	30320044	35349	0	65	74	珍兽蛋：破阵将魂
2	30320044	35359	0	75	84	珍兽蛋：破阵将魂
2	30320044	35369	0	85	94	珍兽蛋：破阵将魂
2	30320044	35379	0	95	255	珍兽蛋：破阵将魂
2	30320045	35389	0	5	44	珍兽蛋：玄凌元君
2	30320045	35399	0	45	54	珍兽蛋：玄凌元君
2	30320045	35409	0	55	64	珍兽蛋：玄凌元君
2	30320045	35419	0	65	74	珍兽蛋：玄凌元君
2	30320045	35429	0	75	84	珍兽蛋：玄凌元君
2	30320045	35439	0	85	94	珍兽蛋：玄凌元君
2	30320045	35449	0	95	255	珍兽蛋：玄凌元君
2	30320046	35459	0	5	44	珍兽蛋：天极神君
2	30320046	35469	0	45	54	珍兽蛋：天极神君
2	30320046	35479	0	55	64	珍兽蛋：天极神君
2	30320046	35489	0	65	74	珍兽蛋：天极神君
2	30320046	35499	0	75	84	珍兽蛋：天极神君
2	30320046	35509	0	85	94	珍兽蛋：天极神君
2	30320046	35519	0	95	255	珍兽蛋：天极神君
2	30320047	36469	0	5	44	珍兽蛋：灵泽穷奇
2	30320047	36479	0	45	54	珍兽蛋：灵泽穷奇
2	30320047	36489	0	55	64	珍兽蛋：灵泽穷奇
2	30320047	36499	0	65	74	珍兽蛋：灵泽穷奇
2	30320047	36509	0	75	84	珍兽蛋：灵泽穷奇
2	30320047	36519	0	85	94	珍兽蛋：灵泽穷奇
2	30320047	36529	0	95	255	珍兽蛋：灵泽穷奇
2	30320048	36599	0	5	44	珍兽蛋：人偶
2	30320048	36609	0	45	54	珍兽蛋：人偶
2	30320048	36619	0	55	64	珍兽蛋：人偶
2	30320048	36629	0	65	74	珍兽蛋：人偶
2	30320048	36639	0	75	84	珍兽蛋：人偶
2	30320048	36649	0	85	94	珍兽蛋：人偶
2	30320048	36659	0	95	255	珍兽蛋：人偶
2	30320049	36669	0	5	44	珍兽蛋：豆豆龙
2	30320049	36679	0	45	54	珍兽蛋：豆豆龙
2	30320049	36689	0	55	64	珍兽蛋：豆豆龙
2	30320049	36699	0	65	74	珍兽蛋：豆豆龙
2	30320049	36709	0	75	84	珍兽蛋：豆豆龙
2	30320049	36719	0	85	94	珍兽蛋：豆豆龙
2	30320049	36729	0	95	255	珍兽蛋：豆豆龙
2	30320050	36739	0	5	44	珍兽蛋：出云龙蟒
2	30320050	36749	0	45	54	珍兽蛋：出云龙蟒
2	30320050	36759	0	55	64	珍兽蛋：出云龙蟒
2	30320050	36769	0	65	74	珍兽蛋：出云龙蟒
2	30320050	36779	0	75	84	珍兽蛋：出云龙蟒
2	30320050	36789	0	85	94	珍兽蛋：出云龙蟒
2	30320050	36799	0	95	255	珍兽蛋：出云龙蟒
2	30320051	36819	0	5	44	珍兽蛋：傲云苍龙
2	30320051	36829	0	45	54	珍兽蛋：傲云苍龙
2	30320051	36839	0	55	64	珍兽蛋：傲云苍龙
2	30320051	36849	0	65	74	珍兽蛋：傲云苍龙
2	30320051	36859	0	75	84	珍兽蛋：傲云苍龙
2	30320051	36869	0	85	94	珍兽蛋：傲云苍龙
2	30320051	36879	0	95	255	珍兽蛋：傲云苍龙
2	30320052	36889	0	5	44	珍兽蛋：太古龙魂
2	30320052	36899	0	45	54	珍兽蛋：太古龙魂
2	30320052	36909	0	55	64	珍兽蛋：太古龙魂
2	30320052	36919	0	65	74	珍兽蛋：太古龙魂
2	30320052	36929	0	75	84	珍兽蛋：太古龙魂
2	30320052	36939	0	85	94	珍兽蛋：太古龙魂
2	30320052	36949	0	95	255	珍兽蛋：太古龙魂
2	30320053	37429	0	5	44	珍兽蛋：轩辕天凤
2	30320053	37439	0	45	54	珍兽蛋：轩辕天凤
2	30320053	37449	0	55	64	珍兽蛋：轩辕天凤
2	30320053	37459	0	65	74	珍兽蛋：轩辕天凤
2	30320053	37469	0	75	84	珍兽蛋：轩辕天凤
2	30320053	37479	0	85	94	珍兽蛋：轩辕天凤
2	30320053	37489	0	95	255	珍兽蛋：轩辕天凤
2	30320054	37499	0	5	44	珍兽蛋：百变汪仔
2	30320054	37509	0	45	54	珍兽蛋：百变汪仔
2	30320054	37519	0	55	64	珍兽蛋：百变汪仔
2	30320054	37529	0	65	74	珍兽蛋：百变汪仔
2	30320054	37539	0	75	84	珍兽蛋：百变汪仔
2	30320054	37549	0	85	94	珍兽蛋：百变汪仔
2	30320054	37559	0	95	255	珍兽蛋：百变汪仔
2	30320055	37569	0	5	44	珍兽蛋：玄荒腾蛇
2	30320055	37579	0	45	54	珍兽蛋：玄荒腾蛇
2	30320055	37589	0	55	64	珍兽蛋：玄荒腾蛇
2	30320055	37599	0	65	74	珍兽蛋：玄荒腾蛇
2	30320055	37609	0	75	84	珍兽蛋：玄荒腾蛇
2	30320055	37619	0	85	94	珍兽蛋：玄荒腾蛇
2	30320055	37629	0	95	255	珍兽蛋：玄荒腾蛇
2	30320056	37639	0	5	44	珍兽蛋：娲皇龙蟒
2	30320056	37649	0	45	54	珍兽蛋：娲皇龙蟒
2	30320056	37659	0	55	64	珍兽蛋：娲皇龙蟒
2	30320056	37669	0	65	74	珍兽蛋：娲皇龙蟒
2	30320056	37679	0	75	84	珍兽蛋：娲皇龙蟒
2	30320056	37689	0	85	94	珍兽蛋：娲皇龙蟒
2	30320056	37699	0	95	255	珍兽蛋：娲皇龙蟒
2	30320057	37759	0	5	44	珍兽蛋：玄女蛇
2	30320057	37769	0	45	54	珍兽蛋：玄女蛇
2	30320057	37779	0	55	64	珍兽蛋：玄女蛇
2	30320057	37789	0	65	74	珍兽蛋：玄女蛇
2	30320057	37799	0	75	84	珍兽蛋：玄女蛇
2	30320057	37809	0	85	94	珍兽蛋：玄女蛇
2	30320057	37819	0	95	255	珍兽蛋：玄女蛇
1	30320058	37829	1	0	0	珍兽蛋：巡游小仙
2	30320059	37909	0	5	44	珍兽蛋：毛毛牛
2	30320059	37919	0	45	54	珍兽蛋：毛毛牛
2	30320059	37929	0	55	64	珍兽蛋：毛毛牛
2	30320059	37939	0	65	74	珍兽蛋：毛毛牛
2	30320059	37949	0	75	84	珍兽蛋：毛毛牛
2	30320059	37959	0	85	94	珍兽蛋：毛毛牛
2	30320059	37969	0	95	255	珍兽蛋：毛毛牛
2	30320060	37979	0	5	44	珍兽蛋：圣妆小鹿
2	30320060	37989	0	45	54	珍兽蛋：圣妆小鹿
2	30320060	37999	0	55	64	珍兽蛋：圣妆小鹿
2	30320060	38009	0	65	74	珍兽蛋：圣妆小鹿
2	30320060	38019	0	75	84	珍兽蛋：圣妆小鹿
2	30320060	38029	0	85	94	珍兽蛋：圣妆小鹿
2	30320060	38039	0	95	255	珍兽蛋：圣妆小鹿
2	30320061	38049	0	5	44	珍兽蛋：昆仑仙骏
2	30320061	38059	0	45	54	珍兽蛋：昆仑仙骏
2	30320061	38069	0	55	64	珍兽蛋：昆仑仙骏
2	30320061	38079	0	65	74	珍兽蛋：昆仑仙骏
2	30320061	38089	0	75	84	珍兽蛋：昆仑仙骏
2	30320061	38099	0	85	94	珍兽蛋：昆仑仙骏
2	30320061	38109	0	95	255	珍兽蛋：昆仑仙骏
2	30320062	38119	0	5	44	珍兽蛋：逗趣鲨
2	30320062	38129	0	45	54	珍兽蛋：逗趣鲨
2	30320062	38139	0	55	64	珍兽蛋：逗趣鲨
2	30320062	38149	0	65	74	珍兽蛋：逗趣鲨
2	30320062	38159	0	75	84	珍兽蛋：逗趣鲨
2	30320062	38169	0	85	94	珍兽蛋：逗趣鲨
2	30320062	38179	0	95	255	珍兽蛋：逗趣鲨
2	30320063	38189	0	5	44	珍兽蛋：美猴王
2	30320063	38199	0	45	54	珍兽蛋：美猴王
2	30320063	38209	0	55	64	珍兽蛋：美猴王
2	30320063	38219	0	65	74	珍兽蛋：美猴王
2	30320063	38229	0	75	84	珍兽蛋：美猴王
2	30320063	38239	0	85	94	珍兽蛋：美猴王
2	30320063	38249	0	95	255	珍兽蛋：美猴王
2	30320064	38259	0	5	44	珍兽蛋：齐天大圣
2	30320064	38269	0	45	54	珍兽蛋：齐天大圣
2	30320064	38279	0	55	64	珍兽蛋：齐天大圣
2	30320064	38289	0	65	74	珍兽蛋：齐天大圣
2	30320064	38299	0	75	84	珍兽蛋：齐天大圣
2	30320064	38309	0	85	94	珍兽蛋：齐天大圣
2	30320064	38319	0	95	255	珍兽蛋：齐天大圣
2	30320065	38329	0	5	44	珍兽蛋：稚月灵
2	30320065	38339	0	45	54	珍兽蛋：稚月灵
2	30320065	38349	0	55	64	珍兽蛋：稚月灵
2	30320065	38359	0	65	74	珍兽蛋：稚月灵
2	30320065	38369	0	75	84	珍兽蛋：稚月灵
2	30320065	38379	0	85	94	珍兽蛋：稚月灵
2	30320065	38389	0	95	255	珍兽蛋：稚月灵
2	30320066	38399	0	5	44	珍兽蛋：灵魅儿
2	30320066	38409	0	45	54	珍兽蛋：灵魅儿
2	30320066	38419	0	55	64	珍兽蛋：灵魅儿
2	30320066	38429	0	65	74	珍兽蛋：灵魅儿
2	30320066	38439	0	75	84	珍兽蛋：灵魅儿
2	30320066	38449	0	85	94	珍兽蛋：灵魅儿
2	30320066	38459	0	95	255	珍兽蛋：灵魅儿
2	30320067	38469	0	5	44	珍兽蛋：碧落青鸾
2	30320067	38479	0	45	54	珍兽蛋：碧落青鸾
2	30320067	38489	0	55	64	珍兽蛋：碧落青鸾
2	30320067	38499	0	65	74	珍兽蛋：碧落青鸾
2	30320067	38509	0	75	84	珍兽蛋：碧落青鸾
2	30320067	38519	0	85	94	珍兽蛋：碧落青鸾
2	30320067	38529	0	95	255	珍兽蛋：碧落青鸾
2	30320068	38539	0	5	44	珍兽蛋：妙鼠小仙
2	30320068	38549	0	45	54	珍兽蛋：妙鼠小仙
2	30320068	38559	0	55	64	珍兽蛋：妙鼠小仙
2	30320068	38569	0	65	74	珍兽蛋：妙鼠小仙
2	30320068	38579	0	75	84	珍兽蛋：妙鼠小仙
2	30320068	38589	0	85	94	珍兽蛋：妙鼠小仙
2	30320068	38599	0	95	255	珍兽蛋：妙鼠小仙
2	30320069	38609	0	5	44	珍兽蛋：神机小子
2	30320069	38619	0	45	54	珍兽蛋：神机小子
2	30320069	38629	0	55	64	珍兽蛋：神机小子
2	30320069	38639	0	65	74	珍兽蛋：神机小子
2	30320069	38649	0	75	84	珍兽蛋：神机小子
2	30320069	38659	0	85	94	珍兽蛋：神机小子
2	30320069	38669	0	95	255	珍兽蛋：神机小子
2	30320070	38679	0	5	44	珍兽蛋：云霄玉兔
2	30320070	38689	0	45	54	珍兽蛋：云霄玉兔
2	30320070	38699	0	55	64	珍兽蛋：云霄玉兔
2	30320070	38709	0	65	74	珍兽蛋：云霄玉兔
2	30320070	38719	0	75	84	珍兽蛋：云霄玉兔
2	30320070	38729	0	85	94	珍兽蛋：云霄玉兔
2	30320070	38739	0	95	255	珍兽蛋：云霄玉兔
2	30320071	38749	0	5	44	珍兽蛋：灵珠子
2	30320071	38759	0	45	54	珍兽蛋：灵珠子
2	30320071	38769	0	55	64	珍兽蛋：灵珠子
2	30320071	38779	0	65	74	珍兽蛋：灵珠子
2	30320071	38789	0	75	84	珍兽蛋：灵珠子
2	30320071	38799	0	85	94	珍兽蛋：灵珠子
2	30320071	38809	0	95	255	珍兽蛋：灵珠子
2	30320072	38819	0	5	44	珍兽蛋：噬月苍狗
2	30320072	38829	0	45	54	珍兽蛋：噬月苍狗
2	30320072	38839	0	55	64	珍兽蛋：噬月苍狗
2	30320072	38849	0	65	74	珍兽蛋：噬月苍狗
2	30320072	38859	0	75	84	珍兽蛋：噬月苍狗
2	30320072	38869	0	85	94	珍兽蛋：噬月苍狗
2	30320072	38879	0	95	255	珍兽蛋：噬月苍狗
2	30320073	38889	0	5	44	珍兽蛋：紫霄玄狼
2	30320073	38899	0	45	54	珍兽蛋：紫霄玄狼
2	30320073	38909	0	55	64	珍兽蛋：紫霄玄狼
2	30320073	38919	0	65	74	珍兽蛋：紫霄玄狼
2	30320073	38929	0	75	84	珍兽蛋：紫霄玄狼
2	30320073	38939	0	85	94	珍兽蛋：紫霄玄狼
2	30320073	38949	0	95	255	珍兽蛋：紫霄玄狼
1	30320074	38959	1	0	0	珍兽蛋：招财锦狐
2	30320075	39039	0	5	44	珍兽蛋：狸美人
2	30320075	39049	0	45	54	珍兽蛋：狸美人
2	30320075	39059	0	55	64	珍兽蛋：狸美人
2	30320075	39069	0	65	74	珍兽蛋：狸美人
2	30320075	39079	0	75	84	珍兽蛋：狸美人
2	30320075	39089	0	85	94	珍兽蛋：狸美人
2	30320075	39099	0	95	255	珍兽蛋：狸美人
1	30504088	22499	1	0	0	珍兽蛋:go仔
1	30504089	22509	1	0	0	珍兽蛋:go仔
1	30504090	22519	1	0	0	珍兽蛋:go仔
1	30504091	22529	1	0	0	珍兽蛋:go仔
1	30504092	22539	1	0	0	珍兽蛋:go仔
1	30504093	22549	1	0	0	珍兽蛋:go仔
1	30504094	22559	1	0	0	珍兽蛋:go仔
0	30505108	3459	1	0	0	小猪项圈
1	30505109	6069	1	0	0	猫项圈：墨镜猫
1	30505110	6079	1	0	0	猫项圈：流行猫
1	30505111	6089	1	0	0	猫项圈：时尚猫
1	30505112	6099	1	0	0	猫项圈：偶像猫
1	30505113	6109	1	0	0	猫项圈：冠军猫
1	30505121	6569	1	0	0	企鹅蛋
1	30505126	6649	1	0	0	玉兔铃铛
1	30505127	6659	1	0	0	团饼玉兔
1	30505128	6669	1	0	0	蟾宫玉兔铃铛
1	30505129	6679	1	0	0	嫦娥玉兔铃铛
1	30505154	8699	1	0	0	猫项圈：吉祥猫
2	30505164	8359	0	45	54	海盗鼠的帽子
2	30505164	8369	0	55	64	海盗鼠的帽子
2	30505164	8379	0	65	255	海盗鼠的帽子
1	30505179	7559	1	0	0	鸭嘴兽项圈
1	30505180	3399	1	0	0	毛驴铃铛
1	30505181	8969	1	0	0	毛驴铃铛
1	30505182	8979	1	0	0	毛驴铃铛
1	30505183	8989	1	0	0	毛驴铃铛
1	30505230	8750	1	0	0	珍兽蛋：唐装鼠
1	30505231	8770	1	0	0	珍兽蛋：唐装鼠
1	30505232	8790	1	0	0	珍兽蛋：唐装鼠
1	38000080	22293	1	0	0	变异珍兽蛋：呆呆牛
1	38001081	6619	1	0	0	珍兽蛋：火鬃鼠
1	38001082	6639	1	0	0	珍兽蛋：蚩玄翼兽
1	38003414	6819	1	0	0	珍兽蛋：蚀骨冥蛇
1	38003415	6829	1	0	0	珍兽蛋：蚀骨冥蛇
1	38003416	6839	1	0	0	珍兽蛋：蚀骨冥蛇
1	38003417	6849	1	0	0	珍兽蛋：蚀骨冥蛇
1	38003418	6859	1	0	0	珍兽蛋：蚀骨冥蛇
1	38003419	6869	1	0	0	珍兽蛋：蚀骨冥蛇
1	38003424	6809	1	0	0	珍兽蛋：蚀骨冥蛇
