INT	INT	STRING	INT
INDEX	真元ID	真元名称	评分
1	101001	真元·勇力	17
2	101002	真元·勇力	27
3	101003	真元·勇力	82
4	101004	真元·勇力	212
5	101005	真元·勇力	442
6	101006	真元·勇力	802
7	101007	真元·勇力	1327
8	101008	真元·勇力	2042
9	101009	真元·勇力	2972
10	102001	真元·灵慧	17
11	102002	真元·灵慧	27
12	102003	真元·灵慧	82
13	102004	真元·灵慧	212
14	102005	真元·灵慧	442
15	102006	真元·灵慧	802
16	102007	真元·灵慧	1327
17	102008	真元·灵慧	2042
18	102009	真元·灵慧	2972
19	103001	真元·厚体	17
20	103002	真元·厚体	27
21	103003	真元·厚体	82
22	103004	真元·厚体	212
23	103005	真元·厚体	442
24	103006	真元·厚体	802
25	103007	真元·厚体	1327
26	103008	真元·厚体	2042
27	103009	真元·厚体	2972
28	104001	真元·气定	17
29	104002	真元·气定	27
30	104003	真元·气定	82
31	104004	真元·气定	212
32	104005	真元·气定	442
33	104006	真元·气定	802
34	104007	真元·气定	1327
35	104008	真元·气定	2042
36	104009	真元·气定	2972
37	105001	真元·迅捷	17
38	105002	真元·迅捷	27
39	105003	真元·迅捷	82
40	105004	真元·迅捷	212
41	105005	真元·迅捷	442
42	105006	真元·迅捷	802
43	105007	真元·迅捷	1327
44	105008	真元·迅捷	2042
45	105009	真元·迅捷	2972
46	106001	真元·血涌丹田	17
47	106002	真元·血涌丹田	27
48	106003	真元·血涌丹田	82
49	106004	真元·血涌丹田	212
50	106005	真元·血涌丹田	442
51	106006	真元·血涌丹田	802
52	106007	真元·血涌丹田	1327
53	106008	真元·血涌丹田	2042
54	106009	真元·血涌丹田	2972
55	107001	真元·气贯神庭	17
56	107002	真元·气贯神庭	27
57	107003	真元·气贯神庭	82
58	107004	真元·气贯神庭	212
59	107005	真元·气贯神庭	442
60	107006	真元·气贯神庭	802
61	107007	真元·气贯神庭	1327
62	107008	真元·气贯神庭	2042
63	107009	真元·气贯神庭	2972
64	108001	真元·内劲绵绵	17
65	108002	真元·内劲绵绵	27
66	108003	真元·内劲绵绵	82
67	108004	真元·内劲绵绵	212
68	108005	真元·内劲绵绵	442
69	108006	真元·内劲绵绵	802
70	108007	真元·内劲绵绵	1327
71	108008	真元·内劲绵绵	2042
72	108009	真元·内劲绵绵	2972
73	109001	真元·外功罡猛	17
74	109002	真元·外功罡猛	27
75	109003	真元·外功罡猛	82
76	109004	真元·外功罡猛	212
77	109005	真元·外功罡猛	442
78	109006	真元·外功罡猛	802
79	109007	真元·外功罡猛	1327
80	109008	真元·外功罡猛	2042
81	109009	真元·外功罡猛	2972
82	110001	真元·千转柔筋	17
83	110002	真元·千转柔筋	27
84	110003	真元·千转柔筋	82
85	110004	真元·千转柔筋	212
86	110005	真元·千转柔筋	442
87	110006	真元·千转柔筋	802
88	110007	真元·千转柔筋	1327
89	110008	真元·千转柔筋	2042
90	110009	真元·千转柔筋	2972
91	111001	真元·百炼铁骨	17
92	111002	真元·百炼铁骨	27
93	111003	真元·百炼铁骨	82
94	111004	真元·百炼铁骨	212
95	111005	真元·百炼铁骨	442
96	111006	真元·百炼铁骨	802
97	111007	真元·百炼铁骨	1327
98	111008	真元·百炼铁骨	2042
99	111009	真元·百炼铁骨	2972
100	112001	真元·百步穿杨	17
101	112002	真元·百步穿杨	27
102	112003	真元·百步穿杨	82
103	112004	真元·百步穿杨	212
104	112005	真元·百步穿杨	442
105	112006	真元·百步穿杨	802
106	112007	真元·百步穿杨	1327
107	112008	真元·百步穿杨	2042
108	112009	真元·百步穿杨	2972
109	113001	真元·滑不沾衣	17
110	113002	真元·滑不沾衣	27
111	113003	真元·滑不沾衣	82
112	113004	真元·滑不沾衣	212
113	113005	真元·滑不沾衣	442
114	113006	真元·滑不沾衣	802
115	113007	真元·滑不沾衣	1327
116	113008	真元·滑不沾衣	2042
117	113009	真元·滑不沾衣	2972
118	114001	真元·暴猛如焰	17
119	114002	真元·暴猛如焰	27
120	114003	真元·暴猛如焰	82
121	114004	真元·暴猛如焰	212
122	114005	真元·暴猛如焰	442
123	114006	真元·暴猛如焰	802
124	114007	真元·暴猛如焰	1327
125	114008	真元·暴猛如焰	2042
126	114009	真元·暴猛如焰	2972
127	115001	真元·坚韧如岳	17
128	115002	真元·坚韧如岳	27
129	115003	真元·坚韧如岳	82
130	115004	真元·坚韧如岳	212
131	115005	真元·坚韧如岳	442
132	115006	真元·坚韧如岳	802
133	115007	真元·坚韧如岳	1327
134	115008	真元·坚韧如岳	2042
135	115009	真元·坚韧如岳	2972
136	116001	真元·沉冰	17
137	116002	真元·沉冰	27
138	116003	真元·沉冰	82
139	116004	真元·沉冰	212
140	116005	真元·沉冰	442
141	116006	真元·沉冰	802
142	116007	真元·沉冰	1327
143	116008	真元·沉冰	2042
144	116009	真元·沉冰	2972
145	117001	真元·炽火	17
146	117002	真元·炽火	27
147	117003	真元·炽火	82
148	117004	真元·炽火	212
149	117005	真元·炽火	442
150	117006	真元·炽火	802
151	117007	真元·炽火	1327
152	117008	真元·炽火	2042
153	117009	真元·炽火	2972
154	118001	真元·印玄	17
155	118002	真元·印玄	27
156	118003	真元·印玄	82
157	118004	真元·印玄	212
158	118005	真元·印玄	442
159	118006	真元·印玄	802
160	118007	真元·印玄	1327
161	118008	真元·印玄	2042
162	118009	真元·印玄	2972
163	119001	真元·蛊毒	17
164	119002	真元·蛊毒	27
165	119003	真元·蛊毒	82
166	119004	真元·蛊毒	212
167	119005	真元·蛊毒	442
168	119006	真元·蛊毒	802
169	119007	真元·蛊毒	1327
170	119008	真元·蛊毒	2042
171	119009	真元·蛊毒	2972
172	151001	魂元·勇力	17
173	151002	魂元·勇力	27
174	151003	魂元·勇力	82
175	151004	魂元·勇力	212
176	151005	魂元·勇力	442
177	151006	魂元·勇力	802
178	151007	魂元·勇力	1327
179	151008	魂元·勇力	2042
180	151009	魂元·勇力	2972
181	152001	魂元·灵慧	17
182	152002	魂元·灵慧	27
183	152003	魂元·灵慧	82
184	152004	魂元·灵慧	212
185	152005	魂元·灵慧	442
186	152006	魂元·灵慧	802
187	152007	魂元·灵慧	1327
188	152008	魂元·灵慧	2042
189	152009	魂元·灵慧	2972
190	153001	魂元·厚体	17
191	153002	魂元·厚体	27
192	153003	魂元·厚体	82
193	153004	魂元·厚体	212
194	153005	魂元·厚体	442
195	153006	魂元·厚体	802
196	153007	魂元·厚体	1327
197	153008	魂元·厚体	2042
198	153009	魂元·厚体	2972
199	154001	魂元·气定	17
200	154002	魂元·气定	27
201	154003	魂元·气定	82
202	154004	魂元·气定	212
203	154005	魂元·气定	442
204	154006	魂元·气定	802
205	154007	魂元·气定	1327
206	154008	魂元·气定	2042
207	154009	魂元·气定	2972
208	155001	魂元·迅捷	17
209	155002	魂元·迅捷	27
210	155003	魂元·迅捷	82
211	155004	魂元·迅捷	212
212	155005	魂元·迅捷	442
213	155006	魂元·迅捷	802
214	155007	魂元·迅捷	1327
215	155008	魂元·迅捷	2042
216	155009	魂元·迅捷	2972
217	156001	魂元·血涌丹田	17
218	156002	魂元·血涌丹田	27
219	156003	魂元·血涌丹田	82
220	156004	魂元·血涌丹田	212
221	156005	魂元·血涌丹田	442
222	156006	魂元·血涌丹田	802
223	156007	魂元·血涌丹田	1327
224	156008	魂元·血涌丹田	2042
225	156009	魂元·血涌丹田	2972
226	157001	魂元·气贯神庭	17
227	157002	魂元·气贯神庭	27
228	157003	魂元·气贯神庭	82
229	157004	魂元·气贯神庭	212
230	157005	魂元·气贯神庭	442
231	157006	魂元·气贯神庭	802
232	157007	魂元·气贯神庭	1327
233	157008	魂元·气贯神庭	2042
234	157009	魂元·气贯神庭	2972
235	158001	魂元·内劲绵绵	17
236	158002	魂元·内劲绵绵	27
237	158003	魂元·内劲绵绵	82
238	158004	魂元·内劲绵绵	212
239	158005	魂元·内劲绵绵	442
240	158006	魂元·内劲绵绵	802
241	158007	魂元·内劲绵绵	1327
242	158008	魂元·内劲绵绵	2042
243	158009	魂元·内劲绵绵	2972
244	159001	魂元·外功罡猛	17
245	159002	魂元·外功罡猛	27
246	159003	魂元·外功罡猛	82
247	159004	魂元·外功罡猛	212
248	159005	魂元·外功罡猛	442
249	159006	魂元·外功罡猛	802
250	159007	魂元·外功罡猛	1327
251	159008	魂元·外功罡猛	2042
252	159009	魂元·外功罡猛	2972
253	160001	魂元·千转柔筋	17
254	160002	魂元·千转柔筋	27
255	160003	魂元·千转柔筋	82
256	160004	魂元·千转柔筋	212
257	160005	魂元·千转柔筋	442
258	160006	魂元·千转柔筋	802
259	160007	魂元·千转柔筋	1327
260	160008	魂元·千转柔筋	2042
261	160009	魂元·千转柔筋	2972
262	161001	魂元·百炼铁骨	17
263	161002	魂元·百炼铁骨	27
264	161003	魂元·百炼铁骨	82
265	161004	魂元·百炼铁骨	212
266	161005	魂元·百炼铁骨	442
267	161006	魂元·百炼铁骨	802
268	161007	魂元·百炼铁骨	1327
269	161008	魂元·百炼铁骨	2042
270	161009	魂元·百炼铁骨	2972
271	162001	魂元·百步穿杨	17
272	162002	魂元·百步穿杨	27
273	162003	魂元·百步穿杨	82
274	162004	魂元·百步穿杨	212
275	162005	魂元·百步穿杨	442
276	162006	魂元·百步穿杨	802
277	162007	魂元·百步穿杨	1327
278	162008	魂元·百步穿杨	2042
279	162009	魂元·百步穿杨	2972
280	163001	魂元·滑不沾衣	17
281	163002	魂元·滑不沾衣	27
282	163003	魂元·滑不沾衣	82
283	163004	魂元·滑不沾衣	212
284	163005	魂元·滑不沾衣	442
285	163006	魂元·滑不沾衣	802
286	163007	魂元·滑不沾衣	1327
287	163008	魂元·滑不沾衣	2042
288	163009	魂元·滑不沾衣	2972
289	164001	魂元·暴猛如焰	17
290	164002	魂元·暴猛如焰	27
291	164003	魂元·暴猛如焰	82
292	164004	魂元·暴猛如焰	212
293	164005	魂元·暴猛如焰	442
294	164006	魂元·暴猛如焰	802
295	164007	魂元·暴猛如焰	1327
296	164008	魂元·暴猛如焰	2042
297	164009	魂元·暴猛如焰	2972
298	165001	魂元·坚韧如岳	17
299	165002	魂元·坚韧如岳	27
300	165003	魂元·坚韧如岳	82
301	165004	魂元·坚韧如岳	212
302	165005	魂元·坚韧如岳	442
303	165006	魂元·坚韧如岳	802
304	165007	魂元·坚韧如岳	1327
305	165008	魂元·坚韧如岳	2042
306	165009	魂元·坚韧如岳	2972
307	166001	魂元·沉冰	17
308	166002	魂元·沉冰	27
309	166003	魂元·沉冰	82
310	166004	魂元·沉冰	212
311	166005	魂元·沉冰	442
312	166006	魂元·沉冰	802
313	166007	魂元·沉冰	1327
314	166008	魂元·沉冰	2042
315	166009	魂元·沉冰	2972
316	167001	魂元·炽火	17
317	167002	魂元·炽火	27
318	167003	魂元·炽火	82
319	167004	魂元·炽火	212
320	167005	魂元·炽火	442
321	167006	魂元·炽火	802
322	167007	魂元·炽火	1327
323	167008	魂元·炽火	2042
324	167009	魂元·炽火	2972
325	168001	魂元·印玄	17
326	168002	魂元·印玄	27
327	168003	魂元·印玄	82
328	168004	魂元·印玄	212
329	168005	魂元·印玄	442
330	168006	魂元·印玄	802
331	168007	魂元·印玄	1327
332	168008	魂元·印玄	2042
333	168009	魂元·印玄	2972
334	169001	魂元·蛊毒	17
335	169002	魂元·蛊毒	27
336	169003	魂元·蛊毒	82
337	169004	魂元·蛊毒	212
338	169005	魂元·蛊毒	442
339	169006	魂元·蛊毒	802
340	169007	魂元·蛊毒	1327
341	169008	魂元·蛊毒	2042
342	169009	魂元·蛊毒	2972
343	201001	真元·勇力	56
344	201002	真元·勇力	86
345	201003	真元·勇力	236
346	201004	真元·勇力	626
347	201005	真元·勇力	1416
348	201006	真元·勇力	2786
349	201007	真元·勇力	4941
350	201008	真元·勇力	8111
351	201009	真元·勇力	12546
352	202001	真元·灵慧	56
353	202002	真元·灵慧	86
354	202003	真元·灵慧	236
355	202004	真元·灵慧	626
356	202005	真元·灵慧	1416
357	202006	真元·灵慧	2786
358	202007	真元·灵慧	4941
359	202008	真元·灵慧	8111
360	202009	真元·灵慧	12546
361	203001	真元·厚体	56
362	203002	真元·厚体	86
363	203003	真元·厚体	236
364	203004	真元·厚体	626
365	203005	真元·厚体	1416
366	203006	真元·厚体	2786
367	203007	真元·厚体	4941
368	203008	真元·厚体	8111
369	203009	真元·厚体	12546
370	204001	真元·气定	56
371	204002	真元·气定	86
372	204003	真元·气定	236
373	204004	真元·气定	626
374	204005	真元·气定	1416
375	204006	真元·气定	2786
376	204007	真元·气定	4941
377	204008	真元·气定	8111
378	204009	真元·气定	12546
379	205001	真元·迅捷	56
380	205002	真元·迅捷	86
381	205003	真元·迅捷	236
382	205004	真元·迅捷	626
383	205005	真元·迅捷	1416
384	205006	真元·迅捷	2786
385	205007	真元·迅捷	4941
386	205008	真元·迅捷	8111
387	205009	真元·迅捷	12546
388	206001	真元·血涌丹田	56
389	206002	真元·血涌丹田	86
390	206003	真元·血涌丹田	236
391	206004	真元·血涌丹田	626
392	206005	真元·血涌丹田	1416
393	206006	真元·血涌丹田	2786
394	206007	真元·血涌丹田	4941
395	206008	真元·血涌丹田	8111
396	206009	真元·血涌丹田	12546
397	207001	真元·气贯神庭	56
398	207002	真元·气贯神庭	86
399	207003	真元·气贯神庭	236
400	207004	真元·气贯神庭	626
401	207005	真元·气贯神庭	1416
402	207006	真元·气贯神庭	2786
403	207007	真元·气贯神庭	4941
404	207008	真元·气贯神庭	8111
405	207009	真元·气贯神庭	12546
406	208001	真元·内劲绵绵	56
407	208002	真元·内劲绵绵	86
408	208003	真元·内劲绵绵	236
409	208004	真元·内劲绵绵	626
410	208005	真元·内劲绵绵	1416
411	208006	真元·内劲绵绵	2786
412	208007	真元·内劲绵绵	4941
413	208008	真元·内劲绵绵	8111
414	208009	真元·内劲绵绵	12546
415	209001	真元·外功罡猛	56
416	209002	真元·外功罡猛	86
417	209003	真元·外功罡猛	236
418	209004	真元·外功罡猛	626
419	209005	真元·外功罡猛	1416
420	209006	真元·外功罡猛	2786
421	209007	真元·外功罡猛	4941
422	209008	真元·外功罡猛	8111
423	209009	真元·外功罡猛	12546
424	210001	真元·千转柔筋	56
425	210002	真元·千转柔筋	86
426	210003	真元·千转柔筋	236
427	210004	真元·千转柔筋	626
428	210005	真元·千转柔筋	1416
429	210006	真元·千转柔筋	2786
430	210007	真元·千转柔筋	4941
431	210008	真元·千转柔筋	8111
432	210009	真元·千转柔筋	12546
433	211001	真元·百炼铁骨	56
434	211002	真元·百炼铁骨	86
435	211003	真元·百炼铁骨	236
436	211004	真元·百炼铁骨	626
437	211005	真元·百炼铁骨	1416
438	211006	真元·百炼铁骨	2786
439	211007	真元·百炼铁骨	4941
440	211008	真元·百炼铁骨	8111
441	211009	真元·百炼铁骨	12546
442	212001	真元·百步穿杨	56
443	212002	真元·百步穿杨	86
444	212003	真元·百步穿杨	236
445	212004	真元·百步穿杨	626
446	212005	真元·百步穿杨	1416
447	212006	真元·百步穿杨	2786
448	212007	真元·百步穿杨	4941
449	212008	真元·百步穿杨	8111
450	212009	真元·百步穿杨	12546
451	213001	真元·滑不沾衣	56
452	213002	真元·滑不沾衣	86
453	213003	真元·滑不沾衣	236
454	213004	真元·滑不沾衣	626
455	213005	真元·滑不沾衣	1416
456	213006	真元·滑不沾衣	2786
457	213007	真元·滑不沾衣	4941
458	213008	真元·滑不沾衣	8111
459	213009	真元·滑不沾衣	12546
460	214001	真元·暴猛如焰	56
461	214002	真元·暴猛如焰	86
462	214003	真元·暴猛如焰	236
463	214004	真元·暴猛如焰	626
464	214005	真元·暴猛如焰	1416
465	214006	真元·暴猛如焰	2786
466	214007	真元·暴猛如焰	4941
467	214008	真元·暴猛如焰	8111
468	214009	真元·暴猛如焰	12546
469	215001	真元·坚韧如岳	56
470	215002	真元·坚韧如岳	86
471	215003	真元·坚韧如岳	236
472	215004	真元·坚韧如岳	626
473	215005	真元·坚韧如岳	1416
474	215006	真元·坚韧如岳	2786
475	215007	真元·坚韧如岳	4941
476	215008	真元·坚韧如岳	8111
477	215009	真元·坚韧如岳	12546
478	216001	真元·沉冰	56
479	216002	真元·沉冰	86
480	216003	真元·沉冰	236
481	216004	真元·沉冰	626
482	216005	真元·沉冰	1416
483	216006	真元·沉冰	2786
484	216007	真元·沉冰	4941
485	216008	真元·沉冰	8111
486	216009	真元·沉冰	12546
487	217001	真元·炽火	56
488	217002	真元·炽火	86
489	217003	真元·炽火	236
490	217004	真元·炽火	626
491	217005	真元·炽火	1416
492	217006	真元·炽火	2786
493	217007	真元·炽火	4941
494	217008	真元·炽火	8111
495	217009	真元·炽火	12546
496	218001	真元·印玄	56
497	218002	真元·印玄	86
498	218003	真元·印玄	236
499	218004	真元·印玄	626
500	218005	真元·印玄	1416
501	218006	真元·印玄	2786
502	218007	真元·印玄	4941
503	218008	真元·印玄	8111
504	218009	真元·印玄	12546
505	219001	真元·蛊毒	56
506	219002	真元·蛊毒	86
507	219003	真元·蛊毒	236
508	219004	真元·蛊毒	626
509	219005	真元·蛊毒	1416
510	219006	真元·蛊毒	2786
511	219007	真元·蛊毒	4941
512	219008	真元·蛊毒	8111
513	219009	真元·蛊毒	12546
514	251001	魂元·勇力	56
515	251002	魂元·勇力	86
516	251003	魂元·勇力	236
517	251004	魂元·勇力	626
518	251005	魂元·勇力	1416
519	251006	魂元·勇力	2786
520	251007	魂元·勇力	4941
521	251008	魂元·勇力	8111
522	251009	魂元·勇力	12546
523	252001	魂元·灵慧	56
524	252002	魂元·灵慧	86
525	252003	魂元·灵慧	236
526	252004	魂元·灵慧	626
527	252005	魂元·灵慧	1416
528	252006	魂元·灵慧	2786
529	252007	魂元·灵慧	4941
530	252008	魂元·灵慧	8111
531	252009	魂元·灵慧	12546
532	253001	魂元·厚体	56
533	253002	魂元·厚体	86
534	253003	魂元·厚体	236
535	253004	魂元·厚体	626
536	253005	魂元·厚体	1416
537	253006	魂元·厚体	2786
538	253007	魂元·厚体	4941
539	253008	魂元·厚体	8111
540	253009	魂元·厚体	12546
541	254001	魂元·气定	56
542	254002	魂元·气定	86
543	254003	魂元·气定	236
544	254004	魂元·气定	626
545	254005	魂元·气定	1416
546	254006	魂元·气定	2786
547	254007	魂元·气定	4941
548	254008	魂元·气定	8111
549	254009	魂元·气定	12546
550	255001	魂元·迅捷	56
551	255002	魂元·迅捷	86
552	255003	魂元·迅捷	236
553	255004	魂元·迅捷	626
554	255005	魂元·迅捷	1416
555	255006	魂元·迅捷	2786
556	255007	魂元·迅捷	4941
557	255008	魂元·迅捷	8111
558	255009	魂元·迅捷	12546
559	256001	魂元·血涌丹田	56
560	256002	魂元·血涌丹田	86
561	256003	魂元·血涌丹田	236
562	256004	魂元·血涌丹田	626
563	256005	魂元·血涌丹田	1416
564	256006	魂元·血涌丹田	2786
565	256007	魂元·血涌丹田	4941
566	256008	魂元·血涌丹田	8111
567	256009	魂元·血涌丹田	12546
568	257001	魂元·气贯神庭	56
569	257002	魂元·气贯神庭	86
570	257003	魂元·气贯神庭	236
571	257004	魂元·气贯神庭	626
572	257005	魂元·气贯神庭	1416
573	257006	魂元·气贯神庭	2786
574	257007	魂元·气贯神庭	4941
575	257008	魂元·气贯神庭	8111
576	257009	魂元·气贯神庭	12546
577	258001	魂元·内劲绵绵	56
578	258002	魂元·内劲绵绵	86
579	258003	魂元·内劲绵绵	236
580	258004	魂元·内劲绵绵	626
581	258005	魂元·内劲绵绵	1416
582	258006	魂元·内劲绵绵	2786
583	258007	魂元·内劲绵绵	4941
584	258008	魂元·内劲绵绵	8111
585	258009	魂元·内劲绵绵	12546
586	259001	魂元·外功罡猛	56
587	259002	魂元·外功罡猛	86
588	259003	魂元·外功罡猛	236
589	259004	魂元·外功罡猛	626
590	259005	魂元·外功罡猛	1416
591	259006	魂元·外功罡猛	2786
592	259007	魂元·外功罡猛	4941
593	259008	魂元·外功罡猛	8111
594	259009	魂元·外功罡猛	12546
595	260001	魂元·千转柔筋	56
596	260002	魂元·千转柔筋	86
597	260003	魂元·千转柔筋	236
598	260004	魂元·千转柔筋	626
599	260005	魂元·千转柔筋	1416
600	260006	魂元·千转柔筋	2786
601	260007	魂元·千转柔筋	4941
602	260008	魂元·千转柔筋	8111
603	260009	魂元·千转柔筋	12546
604	261001	魂元·百炼铁骨	56
605	261002	魂元·百炼铁骨	86
606	261003	魂元·百炼铁骨	236
607	261004	魂元·百炼铁骨	626
608	261005	魂元·百炼铁骨	1416
609	261006	魂元·百炼铁骨	2786
610	261007	魂元·百炼铁骨	4941
611	261008	魂元·百炼铁骨	8111
612	261009	魂元·百炼铁骨	12546
613	262001	魂元·百步穿杨	56
614	262002	魂元·百步穿杨	86
615	262003	魂元·百步穿杨	236
616	262004	魂元·百步穿杨	626
617	262005	魂元·百步穿杨	1416
618	262006	魂元·百步穿杨	2786
619	262007	魂元·百步穿杨	4941
620	262008	魂元·百步穿杨	8111
621	262009	魂元·百步穿杨	12546
622	263001	魂元·滑不沾衣	56
623	263002	魂元·滑不沾衣	86
624	263003	魂元·滑不沾衣	236
625	263004	魂元·滑不沾衣	626
626	263005	魂元·滑不沾衣	1416
627	263006	魂元·滑不沾衣	2786
628	263007	魂元·滑不沾衣	4941
629	263008	魂元·滑不沾衣	8111
630	263009	魂元·滑不沾衣	12546
631	264001	魂元·暴猛如焰	56
632	264002	魂元·暴猛如焰	86
633	264003	魂元·暴猛如焰	236
634	264004	魂元·暴猛如焰	626
635	264005	魂元·暴猛如焰	1416
636	264006	魂元·暴猛如焰	2786
637	264007	魂元·暴猛如焰	4941
638	264008	魂元·暴猛如焰	8111
639	264009	魂元·暴猛如焰	12546
640	265001	魂元·坚韧如岳	56
641	265002	魂元·坚韧如岳	86
642	265003	魂元·坚韧如岳	236
643	265004	魂元·坚韧如岳	626
644	265005	魂元·坚韧如岳	1416
645	265006	魂元·坚韧如岳	2786
646	265007	魂元·坚韧如岳	4941
647	265008	魂元·坚韧如岳	8111
648	265009	魂元·坚韧如岳	12546
649	266001	魂元·沉冰	56
650	266002	魂元·沉冰	86
651	266003	魂元·沉冰	236
652	266004	魂元·沉冰	626
653	266005	魂元·沉冰	1416
654	266006	魂元·沉冰	2786
655	266007	魂元·沉冰	4941
656	266008	魂元·沉冰	8111
657	266009	魂元·沉冰	12546
658	267001	魂元·炽火	56
659	267002	魂元·炽火	86
660	267003	魂元·炽火	236
661	267004	魂元·炽火	626
662	267005	魂元·炽火	1416
663	267006	魂元·炽火	2786
664	267007	魂元·炽火	4941
665	267008	魂元·炽火	8111
666	267009	魂元·炽火	12546
667	268001	魂元·印玄	56
668	268002	魂元·印玄	86
669	268003	魂元·印玄	236
670	268004	魂元·印玄	626
671	268005	魂元·印玄	1416
672	268006	魂元·印玄	2786
673	268007	魂元·印玄	4941
674	268008	魂元·印玄	8111
675	268009	魂元·印玄	12546
676	269001	魂元·蛊毒	56
677	269002	魂元·蛊毒	86
678	269003	魂元·蛊毒	236
679	269004	魂元·蛊毒	626
680	269005	魂元·蛊毒	1416
681	269006	魂元·蛊毒	2786
682	269007	魂元·蛊毒	4941
683	269008	魂元·蛊毒	8111
684	269009	魂元·蛊毒	12546
685	301001	真元·勇力	453
686	301002	真元·勇力	493
687	301003	真元·勇力	793
688	301004	真元·勇力	1873
689	301005	真元·勇力	4608
690	301006	真元·勇力	10313
691	301007	真元·勇力	20773
692	301008	真元·勇力	38313
693	301009	真元·勇力	65828
694	302001	真元·灵慧	453
695	302002	真元·灵慧	493
696	302003	真元·灵慧	793
697	302004	真元·灵慧	1873
698	302005	真元·灵慧	4608
699	302006	真元·灵慧	10313
700	302007	真元·灵慧	20773
701	302008	真元·灵慧	38313
702	302009	真元·灵慧	65828
703	303001	真元·厚体	453
704	303002	真元·厚体	493
705	303003	真元·厚体	793
706	303004	真元·厚体	1873
707	303005	真元·厚体	4608
708	303006	真元·厚体	10313
709	303007	真元·厚体	20773
710	303008	真元·厚体	38313
711	303009	真元·厚体	65828
712	304001	真元·气定	453
713	304002	真元·气定	493
714	304003	真元·气定	793
715	304004	真元·气定	1873
716	304005	真元·气定	4608
717	304006	真元·气定	10313
718	304007	真元·气定	20773
719	304008	真元·气定	38313
720	304009	真元·气定	65828
721	305001	真元·迅捷	453
722	305002	真元·迅捷	493
723	305003	真元·迅捷	793
724	305004	真元·迅捷	1873
725	305005	真元·迅捷	4608
726	305006	真元·迅捷	10313
727	305007	真元·迅捷	20773
728	305008	真元·迅捷	38313
729	305009	真元·迅捷	65828
730	306001	真元·血涌丹田	453
731	306002	真元·血涌丹田	493
732	306003	真元·血涌丹田	793
733	306004	真元·血涌丹田	1873
734	306005	真元·血涌丹田	4608
735	306006	真元·血涌丹田	10313
736	306007	真元·血涌丹田	20773
737	306008	真元·血涌丹田	38313
738	306009	真元·血涌丹田	65828
739	307001	真元·气贯神庭	453
740	307002	真元·气贯神庭	493
741	307003	真元·气贯神庭	793
742	307004	真元·气贯神庭	1873
743	307005	真元·气贯神庭	4608
744	307006	真元·气贯神庭	10313
745	307007	真元·气贯神庭	20773
746	307008	真元·气贯神庭	38313
747	307009	真元·气贯神庭	65828
748	308001	真元·内劲绵绵	453
749	308002	真元·内劲绵绵	493
750	308003	真元·内劲绵绵	793
751	308004	真元·内劲绵绵	1873
752	308005	真元·内劲绵绵	4608
753	308006	真元·内劲绵绵	10313
754	308007	真元·内劲绵绵	20773
755	308008	真元·内劲绵绵	38313
756	308009	真元·内劲绵绵	65828
757	309001	真元·外功罡猛	453
758	309002	真元·外功罡猛	493
759	309003	真元·外功罡猛	793
760	309004	真元·外功罡猛	1873
761	309005	真元·外功罡猛	4608
762	309006	真元·外功罡猛	10313
763	309007	真元·外功罡猛	20773
764	309008	真元·外功罡猛	38313
765	309009	真元·外功罡猛	65828
766	310001	真元·千转柔筋	453
767	310002	真元·千转柔筋	493
768	310003	真元·千转柔筋	793
769	310004	真元·千转柔筋	1873
770	310005	真元·千转柔筋	4608
771	310006	真元·千转柔筋	10313
772	310007	真元·千转柔筋	20773
773	310008	真元·千转柔筋	38313
774	310009	真元·千转柔筋	65828
775	311001	真元·百炼铁骨	453
776	311002	真元·百炼铁骨	493
777	311003	真元·百炼铁骨	793
778	311004	真元·百炼铁骨	1873
779	311005	真元·百炼铁骨	4608
780	311006	真元·百炼铁骨	10313
781	311007	真元·百炼铁骨	20773
782	311008	真元·百炼铁骨	38313
783	311009	真元·百炼铁骨	65828
784	312001	真元·百步穿杨	453
785	312002	真元·百步穿杨	493
786	312003	真元·百步穿杨	793
787	312004	真元·百步穿杨	1873
788	312005	真元·百步穿杨	4608
789	312006	真元·百步穿杨	10313
790	312007	真元·百步穿杨	20773
791	312008	真元·百步穿杨	38313
792	312009	真元·百步穿杨	65828
793	313001	真元·滑不沾衣	453
794	313002	真元·滑不沾衣	493
795	313003	真元·滑不沾衣	793
796	313004	真元·滑不沾衣	1873
797	313005	真元·滑不沾衣	4608
798	313006	真元·滑不沾衣	10313
799	313007	真元·滑不沾衣	20773
800	313008	真元·滑不沾衣	38313
801	313009	真元·滑不沾衣	65828
802	314001	真元·暴猛如焰	453
803	314002	真元·暴猛如焰	493
804	314003	真元·暴猛如焰	793
805	314004	真元·暴猛如焰	1873
806	314005	真元·暴猛如焰	4608
807	314006	真元·暴猛如焰	10313
808	314007	真元·暴猛如焰	20773
809	314008	真元·暴猛如焰	38313
810	314009	真元·暴猛如焰	65828
811	315001	真元·坚韧如岳	453
812	315002	真元·坚韧如岳	493
813	315003	真元·坚韧如岳	793
814	315004	真元·坚韧如岳	1873
815	315005	真元·坚韧如岳	4608
816	315006	真元·坚韧如岳	10313
817	315007	真元·坚韧如岳	20773
818	315008	真元·坚韧如岳	38313
819	315009	真元·坚韧如岳	65828
820	316001	真元·沉冰	453
821	316002	真元·沉冰	493
822	316003	真元·沉冰	793
823	316004	真元·沉冰	1873
824	316005	真元·沉冰	4608
825	316006	真元·沉冰	10313
826	316007	真元·沉冰	20773
827	316008	真元·沉冰	38313
828	316009	真元·沉冰	65828
829	317001	真元·炽火	453
830	317002	真元·炽火	493
831	317003	真元·炽火	793
832	317004	真元·炽火	1873
833	317005	真元·炽火	4608
834	317006	真元·炽火	10313
835	317007	真元·炽火	20773
836	317008	真元·炽火	38313
837	317009	真元·炽火	65828
838	318001	真元·印玄	453
839	318002	真元·印玄	493
840	318003	真元·印玄	793
841	318004	真元·印玄	1873
842	318005	真元·印玄	4608
843	318006	真元·印玄	10313
844	318007	真元·印玄	20773
845	318008	真元·印玄	38313
846	318009	真元·印玄	65828
847	319001	真元·蛊毒	453
848	319002	真元·蛊毒	493
849	319003	真元·蛊毒	793
850	319004	真元·蛊毒	1873
851	319005	真元·蛊毒	4608
852	319006	真元·蛊毒	10313
853	319007	真元·蛊毒	20773
854	319008	真元·蛊毒	38313
855	319009	真元·蛊毒	65828
856	351001	魂元·勇力	453
857	351002	魂元·勇力	493
858	351003	魂元·勇力	793
859	351004	魂元·勇力	1873
860	351005	魂元·勇力	4608
861	351006	魂元·勇力	10313
862	351007	魂元·勇力	20773
863	351008	魂元·勇力	38313
864	351009	魂元·勇力	65828
865	352001	魂元·灵慧	453
866	352002	魂元·灵慧	493
867	352003	魂元·灵慧	793
868	352004	魂元·灵慧	1873
869	352005	魂元·灵慧	4608
870	352006	魂元·灵慧	10313
871	352007	魂元·灵慧	20773
872	352008	魂元·灵慧	38313
873	352009	魂元·灵慧	65828
874	353001	魂元·厚体	453
875	353002	魂元·厚体	493
876	353003	魂元·厚体	793
877	353004	魂元·厚体	1873
878	353005	魂元·厚体	4608
879	353006	魂元·厚体	10313
880	353007	魂元·厚体	20773
881	353008	魂元·厚体	38313
882	353009	魂元·厚体	65828
883	354001	魂元·气定	453
884	354002	魂元·气定	493
885	354003	魂元·气定	793
886	354004	魂元·气定	1873
887	354005	魂元·气定	4608
888	354006	魂元·气定	10313
889	354007	魂元·气定	20773
890	354008	魂元·气定	38313
891	354009	魂元·气定	65828
892	355001	魂元·迅捷	453
893	355002	魂元·迅捷	493
894	355003	魂元·迅捷	793
895	355004	魂元·迅捷	1873
896	355005	魂元·迅捷	4608
897	355006	魂元·迅捷	10313
898	355007	魂元·迅捷	20773
899	355008	魂元·迅捷	38313
900	355009	魂元·迅捷	65828
901	356001	魂元·血涌丹田	453
902	356002	魂元·血涌丹田	493
903	356003	魂元·血涌丹田	793
904	356004	魂元·血涌丹田	1873
905	356005	魂元·血涌丹田	4608
906	356006	魂元·血涌丹田	10313
907	356007	魂元·血涌丹田	20773
908	356008	魂元·血涌丹田	38313
909	356009	魂元·血涌丹田	65828
910	357001	魂元·气贯神庭	453
911	357002	魂元·气贯神庭	493
912	357003	魂元·气贯神庭	793
913	357004	魂元·气贯神庭	1873
914	357005	魂元·气贯神庭	4608
915	357006	魂元·气贯神庭	10313
916	357007	魂元·气贯神庭	20773
917	357008	魂元·气贯神庭	38313
918	357009	魂元·气贯神庭	65828
919	358001	魂元·内劲绵绵	453
920	358002	魂元·内劲绵绵	493
921	358003	魂元·内劲绵绵	793
922	358004	魂元·内劲绵绵	1873
923	358005	魂元·内劲绵绵	4608
924	358006	魂元·内劲绵绵	10313
925	358007	魂元·内劲绵绵	20773
926	358008	魂元·内劲绵绵	38313
927	358009	魂元·内劲绵绵	65828
928	359001	魂元·外功罡猛	453
929	359002	魂元·外功罡猛	493
930	359003	魂元·外功罡猛	793
931	359004	魂元·外功罡猛	1873
932	359005	魂元·外功罡猛	4608
933	359006	魂元·外功罡猛	10313
934	359007	魂元·外功罡猛	20773
935	359008	魂元·外功罡猛	38313
936	359009	魂元·外功罡猛	65828
937	360001	魂元·千转柔筋	453
938	360002	魂元·千转柔筋	493
939	360003	魂元·千转柔筋	793
940	360004	魂元·千转柔筋	1873
941	360005	魂元·千转柔筋	4608
942	360006	魂元·千转柔筋	10313
943	360007	魂元·千转柔筋	20773
944	360008	魂元·千转柔筋	38313
945	360009	魂元·千转柔筋	65828
946	361001	魂元·百炼铁骨	453
947	361002	魂元·百炼铁骨	493
948	361003	魂元·百炼铁骨	793
949	361004	魂元·百炼铁骨	1873
950	361005	魂元·百炼铁骨	4608
951	361006	魂元·百炼铁骨	10313
952	361007	魂元·百炼铁骨	20773
953	361008	魂元·百炼铁骨	38313
954	361009	魂元·百炼铁骨	65828
955	362001	魂元·百步穿杨	453
956	362002	魂元·百步穿杨	493
957	362003	魂元·百步穿杨	793
958	362004	魂元·百步穿杨	1873
959	362005	魂元·百步穿杨	4608
960	362006	魂元·百步穿杨	10313
961	362007	魂元·百步穿杨	20773
962	362008	魂元·百步穿杨	38313
963	362009	魂元·百步穿杨	65828
964	363001	魂元·滑不沾衣	453
965	363002	魂元·滑不沾衣	493
966	363003	魂元·滑不沾衣	793
967	363004	魂元·滑不沾衣	1873
968	363005	魂元·滑不沾衣	4608
969	363006	魂元·滑不沾衣	10313
970	363007	魂元·滑不沾衣	20773
971	363008	魂元·滑不沾衣	38313
972	363009	魂元·滑不沾衣	65828
973	364001	魂元·暴猛如焰	453
974	364002	魂元·暴猛如焰	493
975	364003	魂元·暴猛如焰	793
976	364004	魂元·暴猛如焰	1873
977	364005	魂元·暴猛如焰	4608
978	364006	魂元·暴猛如焰	10313
979	364007	魂元·暴猛如焰	20773
980	364008	魂元·暴猛如焰	38313
981	364009	魂元·暴猛如焰	65828
982	365001	魂元·坚韧如岳	453
983	365002	魂元·坚韧如岳	493
984	365003	魂元·坚韧如岳	793
985	365004	魂元·坚韧如岳	1873
986	365005	魂元·坚韧如岳	4608
987	365006	魂元·坚韧如岳	10313
988	365007	魂元·坚韧如岳	20773
989	365008	魂元·坚韧如岳	38313
990	365009	魂元·坚韧如岳	65828
991	366001	魂元·沉冰	453
992	366002	魂元·沉冰	493
993	366003	魂元·沉冰	793
994	366004	魂元·沉冰	1873
995	366005	魂元·沉冰	4608
996	366006	魂元·沉冰	10313
997	366007	魂元·沉冰	20773
998	366008	魂元·沉冰	38313
999	366009	魂元·沉冰	65828
1000	367001	魂元·炽火	453
1001	367002	魂元·炽火	493
1002	367003	魂元·炽火	793
1003	367004	魂元·炽火	1873
1004	367005	魂元·炽火	4608
1005	367006	魂元·炽火	10313
1006	367007	魂元·炽火	20773
1007	367008	魂元·炽火	38313
1008	367009	魂元·炽火	65828
1009	368001	魂元·印玄	453
1010	368002	魂元·印玄	493
1011	368003	魂元·印玄	793
1012	368004	魂元·印玄	1873
1013	368005	魂元·印玄	4608
1014	368006	魂元·印玄	10313
1015	368007	魂元·印玄	20773
1016	368008	魂元·印玄	38313
1017	368009	魂元·印玄	65828
1018	369001	魂元·蛊毒	453
1019	369002	魂元·蛊毒	493
1020	369003	魂元·蛊毒	793
1021	369004	魂元·蛊毒	1873
1022	369005	魂元·蛊毒	4608
1023	369006	魂元·蛊毒	10313
1024	369007	魂元·蛊毒	20773
1025	369008	魂元·蛊毒	38313
1026	369009	魂元·蛊毒	65828
1027	401001	真元·勇力	14032
1028	401002	真元·勇力	14082
1029	401003	真元·勇力	14857
1030	401004	真元·勇力	18642
1031	401005	真元·勇力	30267
1032	401006	真元·勇力	58027
1033	401007	真元·勇力	114547
1034	401008	真元·勇力	217662
1035	401009	真元·勇力	391237
1036	402001	真元·灵慧	14032
1037	402002	真元·灵慧	14082
1038	402003	真元·灵慧	14857
1039	402004	真元·灵慧	18642
1040	402005	真元·灵慧	30267
1041	402006	真元·灵慧	58027
1042	402007	真元·灵慧	114547
1043	402008	真元·灵慧	217662
1044	402009	真元·灵慧	391237
1045	403001	真元·厚体	14032
1046	403002	真元·厚体	14082
1047	403003	真元·厚体	14857
1048	403004	真元·厚体	18642
1049	403005	真元·厚体	30267
1050	403006	真元·厚体	58027
1051	403007	真元·厚体	114547
1052	403008	真元·厚体	217662
1053	403009	真元·厚体	391237
1054	404001	真元·气定	14032
1055	404002	真元·气定	14082
1056	404003	真元·气定	14857
1057	404004	真元·气定	18642
1058	404005	真元·气定	30267
1059	404006	真元·气定	58027
1060	404007	真元·气定	114547
1061	404008	真元·气定	217662
1062	404009	真元·气定	391237
1063	405001	真元·迅捷	14032
1064	405002	真元·迅捷	14082
1065	405003	真元·迅捷	14857
1066	405004	真元·迅捷	18642
1067	405005	真元·迅捷	30267
1068	405006	真元·迅捷	58027
1069	405007	真元·迅捷	114547
1070	405008	真元·迅捷	217662
1071	405009	真元·迅捷	391237
1072	406001	真元·血涌丹田	14032
1073	406002	真元·血涌丹田	14082
1074	406003	真元·血涌丹田	14857
1075	406004	真元·血涌丹田	18642
1076	406005	真元·血涌丹田	30267
1077	406006	真元·血涌丹田	58027
1078	406007	真元·血涌丹田	114547
1079	406008	真元·血涌丹田	217662
1080	406009	真元·血涌丹田	391237
1081	407001	真元·气贯神庭	14032
1082	407002	真元·气贯神庭	14082
1083	407003	真元·气贯神庭	14857
1084	407004	真元·气贯神庭	18642
1085	407005	真元·气贯神庭	30267
1086	407006	真元·气贯神庭	58027
1087	407007	真元·气贯神庭	114547
1088	407008	真元·气贯神庭	217662
1089	407009	真元·气贯神庭	391237
1090	408001	真元·内劲绵绵	14032
1091	408002	真元·内劲绵绵	14082
1092	408003	真元·内劲绵绵	14857
1093	408004	真元·内劲绵绵	18642
1094	408005	真元·内劲绵绵	30267
1095	408006	真元·内劲绵绵	58027
1096	408007	真元·内劲绵绵	114547
1097	408008	真元·内劲绵绵	217662
1098	408009	真元·内劲绵绵	391237
1099	409001	真元·外功罡猛	14032
1100	409002	真元·外功罡猛	14082
1101	409003	真元·外功罡猛	14857
1102	409004	真元·外功罡猛	18642
1103	409005	真元·外功罡猛	30267
1104	409006	真元·外功罡猛	58027
1105	409007	真元·外功罡猛	114547
1106	409008	真元·外功罡猛	217662
1107	409009	真元·外功罡猛	391237
1108	410001	真元·千转柔筋	14032
1109	410002	真元·千转柔筋	14082
1110	410003	真元·千转柔筋	14857
1111	410004	真元·千转柔筋	18642
1112	410005	真元·千转柔筋	30267
1113	410006	真元·千转柔筋	58027
1114	410007	真元·千转柔筋	114547
1115	410008	真元·千转柔筋	217662
1116	410009	真元·千转柔筋	391237
1117	411001	真元·百炼铁骨	14032
1118	411002	真元·百炼铁骨	14082
1119	411003	真元·百炼铁骨	14857
1120	411004	真元·百炼铁骨	18642
1121	411005	真元·百炼铁骨	30267
1122	411006	真元·百炼铁骨	58027
1123	411007	真元·百炼铁骨	114547
1124	411008	真元·百炼铁骨	217662
1125	411009	真元·百炼铁骨	391237
1126	412001	真元·百步穿杨	14032
1127	412002	真元·百步穿杨	14082
1128	412003	真元·百步穿杨	14857
1129	412004	真元·百步穿杨	18642
1130	412005	真元·百步穿杨	30267
1131	412006	真元·百步穿杨	58027
1132	412007	真元·百步穿杨	114547
1133	412008	真元·百步穿杨	217662
1134	412009	真元·百步穿杨	391237
1135	413001	真元·滑不沾衣	14032
1136	413002	真元·滑不沾衣	14082
1137	413003	真元·滑不沾衣	14857
1138	413004	真元·滑不沾衣	18642
1139	413005	真元·滑不沾衣	30267
1140	413006	真元·滑不沾衣	58027
1141	413007	真元·滑不沾衣	114547
1142	413008	真元·滑不沾衣	217662
1143	413009	真元·滑不沾衣	391237
1144	414001	真元·暴猛如焰	14032
1145	414002	真元·暴猛如焰	14082
1146	414003	真元·暴猛如焰	14857
1147	414004	真元·暴猛如焰	18642
1148	414005	真元·暴猛如焰	30267
1149	414006	真元·暴猛如焰	58027
1150	414007	真元·暴猛如焰	114547
1151	414008	真元·暴猛如焰	217662
1152	414009	真元·暴猛如焰	391237
1153	415001	真元·坚韧如岳	14032
1154	415002	真元·坚韧如岳	14082
1155	415003	真元·坚韧如岳	14857
1156	415004	真元·坚韧如岳	18642
1157	415005	真元·坚韧如岳	30267
1158	415006	真元·坚韧如岳	58027
1159	415007	真元·坚韧如岳	114547
1160	415008	真元·坚韧如岳	217662
1161	415009	真元·坚韧如岳	391237
1162	416001	真元·沉冰	14032
1163	416002	真元·沉冰	14082
1164	416003	真元·沉冰	14857
1165	416004	真元·沉冰	18642
1166	416005	真元·沉冰	30267
1167	416006	真元·沉冰	58027
1168	416007	真元·沉冰	114547
1169	416008	真元·沉冰	217662
1170	416009	真元·沉冰	391237
1171	417001	真元·炽火	14032
1172	417002	真元·炽火	14082
1173	417003	真元·炽火	14857
1174	417004	真元·炽火	18642
1175	417005	真元·炽火	30267
1176	417006	真元·炽火	58027
1177	417007	真元·炽火	114547
1178	417008	真元·炽火	217662
1179	417009	真元·炽火	391237
1180	418001	真元·印玄	14032
1181	418002	真元·印玄	14082
1182	418003	真元·印玄	14857
1183	418004	真元·印玄	18642
1184	418005	真元·印玄	30267
1185	418006	真元·印玄	58027
1186	418007	真元·印玄	114547
1187	418008	真元·印玄	217662
1188	418009	真元·印玄	391237
1189	419001	真元·蛊毒	14032
1190	419002	真元·蛊毒	14082
1191	419003	真元·蛊毒	14857
1192	419004	真元·蛊毒	18642
1193	419005	真元·蛊毒	30267
1194	419006	真元·蛊毒	58027
1195	419007	真元·蛊毒	114547
1196	419008	真元·蛊毒	217662
1197	419009	真元·蛊毒	391237
1198	451001	魂元·勇力	14032
1199	451002	魂元·勇力	14082
1200	451003	魂元·勇力	14857
1201	451004	魂元·勇力	18642
1202	451005	魂元·勇力	30267
1203	451006	魂元·勇力	58027
1204	451007	魂元·勇力	114547
1205	451008	魂元·勇力	217662
1206	451009	魂元·勇力	391237
1207	452001	魂元·灵慧	14032
1208	452002	魂元·灵慧	14082
1209	452003	魂元·灵慧	14857
1210	452004	魂元·灵慧	18642
1211	452005	魂元·灵慧	30267
1212	452006	魂元·灵慧	58027
1213	452007	魂元·灵慧	114547
1214	452008	魂元·灵慧	217662
1215	452009	魂元·灵慧	391237
1216	453001	魂元·厚体	14032
1217	453002	魂元·厚体	14082
1218	453003	魂元·厚体	14857
1219	453004	魂元·厚体	18642
1220	453005	魂元·厚体	30267
1221	453006	魂元·厚体	58027
1222	453007	魂元·厚体	114547
1223	453008	魂元·厚体	217662
1224	453009	魂元·厚体	391237
1225	454001	魂元·气定	14032
1226	454002	魂元·气定	14082
1227	454003	魂元·气定	14857
1228	454004	魂元·气定	18642
1229	454005	魂元·气定	30267
1230	454006	魂元·气定	58027
1231	454007	魂元·气定	114547
1232	454008	魂元·气定	217662
1233	454009	魂元·气定	391237
1234	455001	魂元·迅捷	14032
1235	455002	魂元·迅捷	14082
1236	455003	魂元·迅捷	14857
1237	455004	魂元·迅捷	18642
1238	455005	魂元·迅捷	30267
1239	455006	魂元·迅捷	58027
1240	455007	魂元·迅捷	114547
1241	455008	魂元·迅捷	217662
1242	455009	魂元·迅捷	391237
1243	456001	魂元·血涌丹田	14032
1244	456002	魂元·血涌丹田	14082
1245	456003	魂元·血涌丹田	14857
1246	456004	魂元·血涌丹田	18642
1247	456005	魂元·血涌丹田	30267
1248	456006	魂元·血涌丹田	58027
1249	456007	魂元·血涌丹田	114547
1250	456008	魂元·血涌丹田	217662
1251	456009	魂元·血涌丹田	391237
1252	457001	魂元·气贯神庭	14032
1253	457002	魂元·气贯神庭	14082
1254	457003	魂元·气贯神庭	14857
1255	457004	魂元·气贯神庭	18642
1256	457005	魂元·气贯神庭	30267
1257	457006	魂元·气贯神庭	58027
1258	457007	魂元·气贯神庭	114547
1259	457008	魂元·气贯神庭	217662
1260	457009	魂元·气贯神庭	391237
1261	458001	魂元·内劲绵绵	14032
1262	458002	魂元·内劲绵绵	14082
1263	458003	魂元·内劲绵绵	14857
1264	458004	魂元·内劲绵绵	18642
1265	458005	魂元·内劲绵绵	30267
1266	458006	魂元·内劲绵绵	58027
1267	458007	魂元·内劲绵绵	114547
1268	458008	魂元·内劲绵绵	217662
1269	458009	魂元·内劲绵绵	391237
1270	459001	魂元·外功罡猛	14032
1271	459002	魂元·外功罡猛	14082
1272	459003	魂元·外功罡猛	14857
1273	459004	魂元·外功罡猛	18642
1274	459005	魂元·外功罡猛	30267
1275	459006	魂元·外功罡猛	58027
1276	459007	魂元·外功罡猛	114547
1277	459008	魂元·外功罡猛	217662
1278	459009	魂元·外功罡猛	391237
1279	460001	魂元·千转柔筋	14032
1280	460002	魂元·千转柔筋	14082
1281	460003	魂元·千转柔筋	14857
1282	460004	魂元·千转柔筋	18642
1283	460005	魂元·千转柔筋	30267
1284	460006	魂元·千转柔筋	58027
1285	460007	魂元·千转柔筋	114547
1286	460008	魂元·千转柔筋	217662
1287	460009	魂元·千转柔筋	391237
1288	461001	魂元·百炼铁骨	14032
1289	461002	魂元·百炼铁骨	14082
1290	461003	魂元·百炼铁骨	14857
1291	461004	魂元·百炼铁骨	18642
1292	461005	魂元·百炼铁骨	30267
1293	461006	魂元·百炼铁骨	58027
1294	461007	魂元·百炼铁骨	114547
1295	461008	魂元·百炼铁骨	217662
1296	461009	魂元·百炼铁骨	391237
1297	462001	魂元·百步穿杨	14032
1298	462002	魂元·百步穿杨	14082
1299	462003	魂元·百步穿杨	14857
1300	462004	魂元·百步穿杨	18642
1301	462005	魂元·百步穿杨	30267
1302	462006	魂元·百步穿杨	58027
1303	462007	魂元·百步穿杨	114547
1304	462008	魂元·百步穿杨	217662
1305	462009	魂元·百步穿杨	391237
1306	463001	魂元·滑不沾衣	14032
1307	463002	魂元·滑不沾衣	14082
1308	463003	魂元·滑不沾衣	14857
1309	463004	魂元·滑不沾衣	18642
1310	463005	魂元·滑不沾衣	30267
1311	463006	魂元·滑不沾衣	58027
1312	463007	魂元·滑不沾衣	114547
1313	463008	魂元·滑不沾衣	217662
1314	463009	魂元·滑不沾衣	391237
1315	464001	魂元·暴猛如焰	14032
1316	464002	魂元·暴猛如焰	14082
1317	464003	魂元·暴猛如焰	14857
1318	464004	魂元·暴猛如焰	18642
1319	464005	魂元·暴猛如焰	30267
1320	464006	魂元·暴猛如焰	58027
1321	464007	魂元·暴猛如焰	114547
1322	464008	魂元·暴猛如焰	217662
1323	464009	魂元·暴猛如焰	391237
1324	465001	魂元·坚韧如岳	14032
1325	465002	魂元·坚韧如岳	14082
1326	465003	魂元·坚韧如岳	14857
1327	465004	魂元·坚韧如岳	18642
1328	465005	魂元·坚韧如岳	30267
1329	465006	魂元·坚韧如岳	58027
1330	465007	魂元·坚韧如岳	114547
1331	465008	魂元·坚韧如岳	217662
1332	465009	魂元·坚韧如岳	391237
1333	466001	魂元·沉冰	14032
1334	466002	魂元·沉冰	14082
1335	466003	魂元·沉冰	14857
1336	466004	魂元·沉冰	18642
1337	466005	魂元·沉冰	30267
1338	466006	魂元·沉冰	58027
1339	466007	魂元·沉冰	114547
1340	466008	魂元·沉冰	217662
1341	466009	魂元·沉冰	391237
1342	467001	魂元·炽火	14032
1343	467002	魂元·炽火	14082
1344	467003	魂元·炽火	14857
1345	467004	魂元·炽火	18642
1346	467005	魂元·炽火	30267
1347	467006	魂元·炽火	58027
1348	467007	魂元·炽火	114547
1349	467008	魂元·炽火	217662
1350	467009	魂元·炽火	391237
1351	468001	魂元·印玄	14032
1352	468002	魂元·印玄	14082
1353	468003	魂元·印玄	14857
1354	468004	魂元·印玄	18642
1355	468005	魂元·印玄	30267
1356	468006	魂元·印玄	58027
1357	468007	魂元·印玄	114547
1358	468008	魂元·印玄	217662
1359	468009	魂元·印玄	391237
1360	469001	魂元·蛊毒	14032
1361	469002	魂元·蛊毒	14082
1362	469003	魂元·蛊毒	14857
1363	469004	魂元·蛊毒	18642
1364	469005	魂元·蛊毒	30267
1365	469006	魂元·蛊毒	58027
1366	469007	魂元·蛊毒	114547
1367	469008	魂元·蛊毒	217662
1368	469009	魂元·蛊毒	391237
1369	501001	真元·勇力	84571
1370	501002	真元·勇力	84671
1371	501003	真元·勇力	86156
1372	501004	真元·勇力	93741
1373	501005	真元·勇力	118196
1374	501006	真元·勇力	179221
1375	501007	真元·勇力	308476
1376	501008	真元·勇力	552751
1377	501009	真元·勇力	977256
1378	502001	真元·灵慧	84571
1379	502002	真元·灵慧	84671
1380	502003	真元·灵慧	86156
1381	502004	真元·灵慧	93741
1382	502005	真元·灵慧	118196
1383	502006	真元·灵慧	179221
1384	502007	真元·灵慧	308476
1385	502008	真元·灵慧	552751
1386	502009	真元·灵慧	977256
1387	503001	真元·厚体	84571
1388	503002	真元·厚体	84671
1389	503003	真元·厚体	86156
1390	503004	真元·厚体	93741
1391	503005	真元·厚体	118196
1392	503006	真元·厚体	179221
1393	503007	真元·厚体	308476
1394	503008	真元·厚体	552751
1395	503009	真元·厚体	977256
1396	504001	真元·气定	84571
1397	504002	真元·气定	84671
1398	504003	真元·气定	86156
1399	504004	真元·气定	93741
1400	504005	真元·气定	118196
1401	504006	真元·气定	179221
1402	504007	真元·气定	308476
1403	504008	真元·气定	552751
1404	504009	真元·气定	977256
1405	505001	真元·迅捷	84571
1406	505002	真元·迅捷	84671
1407	505003	真元·迅捷	86156
1408	505004	真元·迅捷	93741
1409	505005	真元·迅捷	118196
1410	505006	真元·迅捷	179221
1411	505007	真元·迅捷	308476
1412	505008	真元·迅捷	552751
1413	505009	真元·迅捷	977256
1414	506001	真元·血涌丹田	84571
1415	506002	真元·血涌丹田	84671
1416	506003	真元·血涌丹田	86156
1417	506004	真元·血涌丹田	93741
1418	506005	真元·血涌丹田	118196
1419	506006	真元·血涌丹田	179221
1420	506007	真元·血涌丹田	308476
1421	506008	真元·血涌丹田	552751
1422	506009	真元·血涌丹田	977256
1423	507001	真元·气贯神庭	84571
1424	507002	真元·气贯神庭	84671
1425	507003	真元·气贯神庭	86156
1426	507004	真元·气贯神庭	93741
1427	507005	真元·气贯神庭	118196
1428	507006	真元·气贯神庭	179221
1429	507007	真元·气贯神庭	308476
1430	507008	真元·气贯神庭	552751
1431	507009	真元·气贯神庭	977256
1432	508001	真元·内劲绵绵	84571
1433	508002	真元·内劲绵绵	84671
1434	508003	真元·内劲绵绵	86156
1435	508004	真元·内劲绵绵	93741
1436	508005	真元·内劲绵绵	118196
1437	508006	真元·内劲绵绵	179221
1438	508007	真元·内劲绵绵	308476
1439	508008	真元·内劲绵绵	552751
1440	508009	真元·内劲绵绵	977256
1441	509001	真元·外功罡猛	84571
1442	509002	真元·外功罡猛	84671
1443	509003	真元·外功罡猛	86156
1444	509004	真元·外功罡猛	93741
1445	509005	真元·外功罡猛	118196
1446	509006	真元·外功罡猛	179221
1447	509007	真元·外功罡猛	308476
1448	509008	真元·外功罡猛	552751
1449	509009	真元·外功罡猛	977256
1450	510001	真元·千转柔筋	84571
1451	510002	真元·千转柔筋	84671
1452	510003	真元·千转柔筋	86156
1453	510004	真元·千转柔筋	93741
1454	510005	真元·千转柔筋	118196
1455	510006	真元·千转柔筋	179221
1456	510007	真元·千转柔筋	308476
1457	510008	真元·千转柔筋	552751
1458	510009	真元·千转柔筋	977256
1459	511001	真元·百炼铁骨	84571
1460	511002	真元·百炼铁骨	84671
1461	511003	真元·百炼铁骨	86156
1462	511004	真元·百炼铁骨	93741
1463	511005	真元·百炼铁骨	118196
1464	511006	真元·百炼铁骨	179221
1465	511007	真元·百炼铁骨	308476
1466	511008	真元·百炼铁骨	552751
1467	511009	真元·百炼铁骨	977256
1468	512001	真元·百步穿杨	84571
1469	512002	真元·百步穿杨	84671
1470	512003	真元·百步穿杨	86156
1471	512004	真元·百步穿杨	93741
1472	512005	真元·百步穿杨	118196
1473	512006	真元·百步穿杨	179221
1474	512007	真元·百步穿杨	308476
1475	512008	真元·百步穿杨	552751
1476	512009	真元·百步穿杨	977256
1477	513001	真元·滑不沾衣	84571
1478	513002	真元·滑不沾衣	84671
1479	513003	真元·滑不沾衣	86156
1480	513004	真元·滑不沾衣	93741
1481	513005	真元·滑不沾衣	118196
1482	513006	真元·滑不沾衣	179221
1483	513007	真元·滑不沾衣	308476
1484	513008	真元·滑不沾衣	552751
1485	513009	真元·滑不沾衣	977256
1486	514001	真元·暴猛如焰	84571
1487	514002	真元·暴猛如焰	84671
1488	514003	真元·暴猛如焰	86156
1489	514004	真元·暴猛如焰	93741
1490	514005	真元·暴猛如焰	118196
1491	514006	真元·暴猛如焰	179221
1492	514007	真元·暴猛如焰	308476
1493	514008	真元·暴猛如焰	552751
1494	514009	真元·暴猛如焰	977256
1495	515001	真元·坚韧如岳	84571
1496	515002	真元·坚韧如岳	84671
1497	515003	真元·坚韧如岳	86156
1498	515004	真元·坚韧如岳	93741
1499	515005	真元·坚韧如岳	118196
1500	515006	真元·坚韧如岳	179221
1501	515007	真元·坚韧如岳	308476
1502	515008	真元·坚韧如岳	552751
1503	515009	真元·坚韧如岳	977256
1504	516001	真元·沉冰	84571
1505	516002	真元·沉冰	84671
1506	516003	真元·沉冰	86156
1507	516004	真元·沉冰	93741
1508	516005	真元·沉冰	118196
1509	516006	真元·沉冰	179221
1510	516007	真元·沉冰	308476
1511	516008	真元·沉冰	552751
1512	516009	真元·沉冰	977256
1513	517001	真元·炽火	84571
1514	517002	真元·炽火	84671
1515	517003	真元·炽火	86156
1516	517004	真元·炽火	93741
1517	517005	真元·炽火	118196
1518	517006	真元·炽火	179221
1519	517007	真元·炽火	308476
1520	517008	真元·炽火	552751
1521	517009	真元·炽火	977256
1522	518001	真元·印玄	84571
1523	518002	真元·印玄	84671
1524	518003	真元·印玄	86156
1525	518004	真元·印玄	93741
1526	518005	真元·印玄	118196
1527	518006	真元·印玄	179221
1528	518007	真元·印玄	308476
1529	518008	真元·印玄	552751
1530	518009	真元·印玄	977256
1531	519001	真元·蛊毒	84571
1532	519002	真元·蛊毒	84671
1533	519003	真元·蛊毒	86156
1534	519004	真元·蛊毒	93741
1535	519005	真元·蛊毒	118196
1536	519006	真元·蛊毒	179221
1537	519007	真元·蛊毒	308476
1538	519008	真元·蛊毒	552751
1539	519009	真元·蛊毒	977256
1540	551001	魂元·勇力	84571
1541	551002	魂元·勇力	84671
1542	551003	魂元·勇力	86156
1543	551004	魂元·勇力	93741
1544	551005	魂元·勇力	118196
1545	551006	魂元·勇力	179221
1546	551007	魂元·勇力	308476
1547	551008	魂元·勇力	552751
1548	551009	魂元·勇力	977256
1549	552001	魂元·灵慧	84571
1550	552002	魂元·灵慧	84671
1551	552003	魂元·灵慧	86156
1552	552004	魂元·灵慧	93741
1553	552005	魂元·灵慧	118196
1554	552006	魂元·灵慧	179221
1555	552007	魂元·灵慧	308476
1556	552008	魂元·灵慧	552751
1557	552009	魂元·灵慧	977256
1558	553001	魂元·厚体	84571
1559	553002	魂元·厚体	84671
1560	553003	魂元·厚体	86156
1561	553004	魂元·厚体	93741
1562	553005	魂元·厚体	118196
1563	553006	魂元·厚体	179221
1564	553007	魂元·厚体	308476
1565	553008	魂元·厚体	552751
1566	553009	魂元·厚体	977256
1567	554001	魂元·气定	84571
1568	554002	魂元·气定	84671
1569	554003	魂元·气定	86156
1570	554004	魂元·气定	93741
1571	554005	魂元·气定	118196
1572	554006	魂元·气定	179221
1573	554007	魂元·气定	308476
1574	554008	魂元·气定	552751
1575	554009	魂元·气定	977256
1576	555001	魂元·迅捷	84571
1577	555002	魂元·迅捷	84671
1578	555003	魂元·迅捷	86156
1579	555004	魂元·迅捷	93741
1580	555005	魂元·迅捷	118196
1581	555006	魂元·迅捷	179221
1582	555007	魂元·迅捷	308476
1583	555008	魂元·迅捷	552751
1584	555009	魂元·迅捷	977256
1585	556001	魂元·血涌丹田	84571
1586	556002	魂元·血涌丹田	84671
1587	556003	魂元·血涌丹田	86156
1588	556004	魂元·血涌丹田	93741
1589	556005	魂元·血涌丹田	118196
1590	556006	魂元·血涌丹田	179221
1591	556007	魂元·血涌丹田	308476
1592	556008	魂元·血涌丹田	552751
1593	556009	魂元·血涌丹田	977256
1594	557001	魂元·气贯神庭	84571
1595	557002	魂元·气贯神庭	84671
1596	557003	魂元·气贯神庭	86156
1597	557004	魂元·气贯神庭	93741
1598	557005	魂元·气贯神庭	118196
1599	557006	魂元·气贯神庭	179221
1600	557007	魂元·气贯神庭	308476
1601	557008	魂元·气贯神庭	552751
1602	557009	魂元·气贯神庭	977256
1603	558001	魂元·内劲绵绵	84571
1604	558002	魂元·内劲绵绵	84671
1605	558003	魂元·内劲绵绵	86156
1606	558004	魂元·内劲绵绵	93741
1607	558005	魂元·内劲绵绵	118196
1608	558006	魂元·内劲绵绵	179221
1609	558007	魂元·内劲绵绵	308476
1610	558008	魂元·内劲绵绵	552751
1611	558009	魂元·内劲绵绵	977256
1612	559001	魂元·外功罡猛	84571
1613	559002	魂元·外功罡猛	84671
1614	559003	魂元·外功罡猛	86156
1615	559004	魂元·外功罡猛	93741
1616	559005	魂元·外功罡猛	118196
1617	559006	魂元·外功罡猛	179221
1618	559007	魂元·外功罡猛	308476
1619	559008	魂元·外功罡猛	552751
1620	559009	魂元·外功罡猛	977256
1621	560001	魂元·千转柔筋	84571
1622	560002	魂元·千转柔筋	84671
1623	560003	魂元·千转柔筋	86156
1624	560004	魂元·千转柔筋	93741
1625	560005	魂元·千转柔筋	118196
1626	560006	魂元·千转柔筋	179221
1627	560007	魂元·千转柔筋	308476
1628	560008	魂元·千转柔筋	552751
1629	560009	魂元·千转柔筋	977256
1630	561001	魂元·百炼铁骨	84571
1631	561002	魂元·百炼铁骨	84671
1632	561003	魂元·百炼铁骨	86156
1633	561004	魂元·百炼铁骨	93741
1634	561005	魂元·百炼铁骨	118196
1635	561006	魂元·百炼铁骨	179221
1636	561007	魂元·百炼铁骨	308476
1637	561008	魂元·百炼铁骨	552751
1638	561009	魂元·百炼铁骨	977256
1639	562001	魂元·百步穿杨	84571
1640	562002	魂元·百步穿杨	84671
1641	562003	魂元·百步穿杨	86156
1642	562004	魂元·百步穿杨	93741
1643	562005	魂元·百步穿杨	118196
1644	562006	魂元·百步穿杨	179221
1645	562007	魂元·百步穿杨	308476
1646	562008	魂元·百步穿杨	552751
1647	562009	魂元·百步穿杨	977256
1648	563001	魂元·滑不沾衣	84571
1649	563002	魂元·滑不沾衣	84671
1650	563003	魂元·滑不沾衣	86156
1651	563004	魂元·滑不沾衣	93741
1652	563005	魂元·滑不沾衣	118196
1653	563006	魂元·滑不沾衣	179221
1654	563007	魂元·滑不沾衣	308476
1655	563008	魂元·滑不沾衣	552751
1656	563009	魂元·滑不沾衣	977256
1657	564001	魂元·暴猛如焰	84571
1658	564002	魂元·暴猛如焰	84671
1659	564003	魂元·暴猛如焰	86156
1660	564004	魂元·暴猛如焰	93741
1661	564005	魂元·暴猛如焰	118196
1662	564006	魂元·暴猛如焰	179221
1663	564007	魂元·暴猛如焰	308476
1664	564008	魂元·暴猛如焰	552751
1665	564009	魂元·暴猛如焰	977256
1666	565001	魂元·坚韧如岳	84571
1667	565002	魂元·坚韧如岳	84671
1668	565003	魂元·坚韧如岳	86156
1669	565004	魂元·坚韧如岳	93741
1670	565005	魂元·坚韧如岳	118196
1671	565006	魂元·坚韧如岳	179221
1672	565007	魂元·坚韧如岳	308476
1673	565008	魂元·坚韧如岳	552751
1674	565009	魂元·坚韧如岳	977256
1675	566001	魂元·沉冰	84571
1676	566002	魂元·沉冰	84671
1677	566003	魂元·沉冰	86156
1678	566004	魂元·沉冰	93741
1679	566005	魂元·沉冰	118196
1680	566006	魂元·沉冰	179221
1681	566007	魂元·沉冰	308476
1682	566008	魂元·沉冰	552751
1683	566009	魂元·沉冰	977256
1684	567001	魂元·炽火	84571
1685	567002	魂元·炽火	84671
1686	567003	魂元·炽火	86156
1687	567004	魂元·炽火	93741
1688	567005	魂元·炽火	118196
1689	567006	魂元·炽火	179221
1690	567007	魂元·炽火	308476
1691	567008	魂元·炽火	552751
1692	567009	魂元·炽火	977256
1693	568001	魂元·印玄	84571
1694	568002	魂元·印玄	84671
1695	568003	魂元·印玄	86156
1696	568004	魂元·印玄	93741
1697	568005	魂元·印玄	118196
1698	568006	魂元·印玄	179221
1699	568007	魂元·印玄	308476
1700	568008	魂元·印玄	552751
1701	568009	魂元·印玄	977256
1702	569001	魂元·蛊毒	84571
1703	569002	魂元·蛊毒	84671
1704	569003	魂元·蛊毒	86156
1705	569004	魂元·蛊毒	93741
1706	569005	魂元·蛊毒	118196
1707	569006	魂元·蛊毒	179221
1708	569007	魂元·蛊毒	308476
1709	569008	魂元·蛊毒	552751
1710	569009	魂元·蛊毒	977256
1711	601001	真元·勇力	86571
1712	601002	真元·勇力	86671
1713	601003	真元·勇力	88156
1714	601004	真元·勇力	95741
1715	601005	真元·勇力	120196
1716	601006	真元·勇力	181221
1717	601007	真元·勇力	310476
1718	601008	真元·勇力	554751
1719	601009	真元·勇力	979256
1720	602001	真元·灵慧	86571
1721	602002	真元·灵慧	86671
1722	602003	真元·灵慧	88156
1723	602004	真元·灵慧	95741
1724	602005	真元·灵慧	120196
1725	602006	真元·灵慧	181221
1726	602007	真元·灵慧	310476
1727	602008	真元·灵慧	554751
1728	602009	真元·灵慧	979256
1729	603001	真元·厚体	86571
1730	603002	真元·厚体	86671
1731	603003	真元·厚体	88156
1732	603004	真元·厚体	95741
1733	603005	真元·厚体	120196
1734	603006	真元·厚体	181221
1735	603007	真元·厚体	310476
1736	603008	真元·厚体	554751
1737	603009	真元·厚体	979256
1738	604001	真元·气定	86571
1739	604002	真元·气定	86671
1740	604003	真元·气定	88156
1741	604004	真元·气定	95741
1742	604005	真元·气定	120196
1743	604006	真元·气定	181221
1744	604007	真元·气定	310476
1745	604008	真元·气定	554751
1746	604009	真元·气定	979256
1747	605001	真元·迅捷	86571
1748	605002	真元·迅捷	86671
1749	605003	真元·迅捷	88156
1750	605004	真元·迅捷	95741
1751	605005	真元·迅捷	120196
1752	605006	真元·迅捷	181221
1753	605007	真元·迅捷	310476
1754	605008	真元·迅捷	554751
1755	605009	真元·迅捷	979256
1756	606001	真元·血涌丹田	86571
1757	606002	真元·血涌丹田	86671
1758	606003	真元·血涌丹田	88156
1759	606004	真元·血涌丹田	95741
1760	606005	真元·血涌丹田	120196
1761	606006	真元·血涌丹田	181221
1762	606007	真元·血涌丹田	310476
1763	606008	真元·血涌丹田	554751
1764	606009	真元·血涌丹田	979256
1765	607001	真元·气贯神庭	86571
1766	607002	真元·气贯神庭	86671
1767	607003	真元·气贯神庭	88156
1768	607004	真元·气贯神庭	95741
1769	607005	真元·气贯神庭	120196
1770	607006	真元·气贯神庭	181221
1771	607007	真元·气贯神庭	310476
1772	607008	真元·气贯神庭	554751
1773	607009	真元·气贯神庭	979256
1774	608001	真元·内劲绵绵	86571
1775	608002	真元·内劲绵绵	86671
1776	608003	真元·内劲绵绵	88156
1777	608004	真元·内劲绵绵	95741
1778	608005	真元·内劲绵绵	120196
1779	608006	真元·内劲绵绵	181221
1780	608007	真元·内劲绵绵	310476
1781	608008	真元·内劲绵绵	554751
1782	608009	真元·内劲绵绵	979256
1783	609001	真元·外功罡猛	86571
1784	609002	真元·外功罡猛	86671
1785	609003	真元·外功罡猛	88156
1786	609004	真元·外功罡猛	95741
1787	609005	真元·外功罡猛	120196
1788	609006	真元·外功罡猛	181221
1789	609007	真元·外功罡猛	310476
1790	609008	真元·外功罡猛	554751
1791	609009	真元·外功罡猛	979256
1792	610001	真元·千转柔筋	86571
1793	610002	真元·千转柔筋	86671
1794	610003	真元·千转柔筋	88156
1795	610004	真元·千转柔筋	95741
1796	610005	真元·千转柔筋	120196
1797	610006	真元·千转柔筋	181221
1798	610007	真元·千转柔筋	310476
1799	610008	真元·千转柔筋	554751
1800	610009	真元·千转柔筋	979256
1801	611001	真元·百炼铁骨	86571
1802	611002	真元·百炼铁骨	86671
1803	611003	真元·百炼铁骨	88156
1804	611004	真元·百炼铁骨	95741
1805	611005	真元·百炼铁骨	120196
1806	611006	真元·百炼铁骨	181221
1807	611007	真元·百炼铁骨	310476
1808	611008	真元·百炼铁骨	554751
1809	611009	真元·百炼铁骨	979256
1810	612001	真元·百步穿杨	86571
1811	612002	真元·百步穿杨	86671
1812	612003	真元·百步穿杨	88156
1813	612004	真元·百步穿杨	95741
1814	612005	真元·百步穿杨	120196
1815	612006	真元·百步穿杨	181221
1816	612007	真元·百步穿杨	310476
1817	612008	真元·百步穿杨	554751
1818	612009	真元·百步穿杨	979256
1819	613001	真元·滑不沾衣	86571
1820	613002	真元·滑不沾衣	86671
1821	613003	真元·滑不沾衣	88156
1822	613004	真元·滑不沾衣	95741
1823	613005	真元·滑不沾衣	120196
1824	613006	真元·滑不沾衣	181221
1825	613007	真元·滑不沾衣	310476
1826	613008	真元·滑不沾衣	554751
1827	613009	真元·滑不沾衣	979256
1828	614001	真元·暴猛如焰	86571
1829	614002	真元·暴猛如焰	86671
1830	614003	真元·暴猛如焰	88156
1831	614004	真元·暴猛如焰	95741
1832	614005	真元·暴猛如焰	120196
1833	614006	真元·暴猛如焰	181221
1834	614007	真元·暴猛如焰	310476
1835	614008	真元·暴猛如焰	554751
1836	614009	真元·暴猛如焰	979256
1837	615001	真元·坚韧如岳	86571
1838	615002	真元·坚韧如岳	86671
1839	615003	真元·坚韧如岳	88156
1840	615004	真元·坚韧如岳	95741
1841	615005	真元·坚韧如岳	120196
1842	615006	真元·坚韧如岳	181221
1843	615007	真元·坚韧如岳	310476
1844	615008	真元·坚韧如岳	554751
1845	615009	真元·坚韧如岳	979256
1846	616001	真元·沉冰	86571
1847	616002	真元·沉冰	86671
1848	616003	真元·沉冰	88156
1849	616004	真元·沉冰	95741
1850	616005	真元·沉冰	120196
1851	616006	真元·沉冰	181221
1852	616007	真元·沉冰	310476
1853	616008	真元·沉冰	554751
1854	616009	真元·沉冰	979256
1855	617001	真元·炽火	86571
1856	617002	真元·炽火	86671
1857	617003	真元·炽火	88156
1858	617004	真元·炽火	95741
1859	617005	真元·炽火	120196
1860	617006	真元·炽火	181221
1861	617007	真元·炽火	310476
1862	617008	真元·炽火	554751
1863	617009	真元·炽火	979256
1864	618001	真元·印玄	86571
1865	618002	真元·印玄	86671
1866	618003	真元·印玄	88156
1867	618004	真元·印玄	95741
1868	618005	真元·印玄	120196
1869	618006	真元·印玄	181221
1870	618007	真元·印玄	310476
1871	618008	真元·印玄	554751
1872	618009	真元·印玄	979256
1873	619001	真元·蛊毒	86571
1874	619002	真元·蛊毒	86671
1875	619003	真元·蛊毒	88156
1876	619004	真元·蛊毒	95741
1877	619005	真元·蛊毒	120196
1878	619006	真元·蛊毒	181221
1879	619007	真元·蛊毒	310476
1880	619008	真元·蛊毒	554751
1881	619009	真元·蛊毒	979256
1882	651001	魂元·勇力	86571
1883	651002	魂元·勇力	86671
1884	651003	魂元·勇力	88156
1885	651004	魂元·勇力	95741
1886	651005	魂元·勇力	120196
1887	651006	魂元·勇力	181221
1888	651007	魂元·勇力	310476
1889	651008	魂元·勇力	554751
1890	651009	魂元·勇力	979256
1891	652001	魂元·灵慧	86571
1892	652002	魂元·灵慧	86671
1893	652003	魂元·灵慧	88156
1894	652004	魂元·灵慧	95741
1895	652005	魂元·灵慧	120196
1896	652006	魂元·灵慧	181221
1897	652007	魂元·灵慧	310476
1898	652008	魂元·灵慧	554751
1899	652009	魂元·灵慧	979256
1900	653001	魂元·厚体	86571
1901	653002	魂元·厚体	86671
1902	653003	魂元·厚体	88156
1903	653004	魂元·厚体	95741
1904	653005	魂元·厚体	120196
1905	653006	魂元·厚体	181221
1906	653007	魂元·厚体	310476
1907	653008	魂元·厚体	554751
1908	653009	魂元·厚体	979256
1909	654001	魂元·气定	86571
1910	654002	魂元·气定	86671
1911	654003	魂元·气定	88156
1912	654004	魂元·气定	95741
1913	654005	魂元·气定	120196
1914	654006	魂元·气定	181221
1915	654007	魂元·气定	310476
1916	654008	魂元·气定	554751
1917	654009	魂元·气定	979256
1918	655001	魂元·迅捷	86571
1919	655002	魂元·迅捷	86671
1920	655003	魂元·迅捷	88156
1921	655004	魂元·迅捷	95741
1922	655005	魂元·迅捷	120196
1923	655006	魂元·迅捷	181221
1924	655007	魂元·迅捷	310476
1925	655008	魂元·迅捷	554751
1926	655009	魂元·迅捷	979256
1927	656001	魂元·血涌丹田	86571
1928	656002	魂元·血涌丹田	86671
1929	656003	魂元·血涌丹田	88156
1930	656004	魂元·血涌丹田	95741
1931	656005	魂元·血涌丹田	120196
1932	656006	魂元·血涌丹田	181221
1933	656007	魂元·血涌丹田	310476
1934	656008	魂元·血涌丹田	554751
1935	656009	魂元·血涌丹田	979256
1936	657001	魂元·气贯神庭	86571
1937	657002	魂元·气贯神庭	86671
1938	657003	魂元·气贯神庭	88156
1939	657004	魂元·气贯神庭	95741
1940	657005	魂元·气贯神庭	120196
1941	657006	魂元·气贯神庭	181221
1942	657007	魂元·气贯神庭	310476
1943	657008	魂元·气贯神庭	554751
1944	657009	魂元·气贯神庭	979256
1945	658001	魂元·内劲绵绵	86571
1946	658002	魂元·内劲绵绵	86671
1947	658003	魂元·内劲绵绵	88156
1948	658004	魂元·内劲绵绵	95741
1949	658005	魂元·内劲绵绵	120196
1950	658006	魂元·内劲绵绵	181221
1951	658007	魂元·内劲绵绵	310476
1952	658008	魂元·内劲绵绵	554751
1953	658009	魂元·内劲绵绵	979256
1954	659001	魂元·外功罡猛	86571
1955	659002	魂元·外功罡猛	86671
1956	659003	魂元·外功罡猛	88156
1957	659004	魂元·外功罡猛	95741
1958	659005	魂元·外功罡猛	120196
1959	659006	魂元·外功罡猛	181221
1960	659007	魂元·外功罡猛	310476
1961	659008	魂元·外功罡猛	554751
1962	659009	魂元·外功罡猛	979256
1963	660001	魂元·千转柔筋	86571
1964	660002	魂元·千转柔筋	86671
1965	660003	魂元·千转柔筋	88156
1966	660004	魂元·千转柔筋	95741
1967	660005	魂元·千转柔筋	120196
1968	660006	魂元·千转柔筋	181221
1969	660007	魂元·千转柔筋	310476
1970	660008	魂元·千转柔筋	554751
1971	660009	魂元·千转柔筋	979256
1972	661001	魂元·百炼铁骨	86571
1973	661002	魂元·百炼铁骨	86671
1974	661003	魂元·百炼铁骨	88156
1975	661004	魂元·百炼铁骨	95741
1976	661005	魂元·百炼铁骨	120196
1977	661006	魂元·百炼铁骨	181221
1978	661007	魂元·百炼铁骨	310476
1979	661008	魂元·百炼铁骨	554751
1980	661009	魂元·百炼铁骨	979256
1981	662001	魂元·百步穿杨	86571
1982	662002	魂元·百步穿杨	86671
1983	662003	魂元·百步穿杨	88156
1984	662004	魂元·百步穿杨	95741
1985	662005	魂元·百步穿杨	120196
1986	662006	魂元·百步穿杨	181221
1987	662007	魂元·百步穿杨	310476
1988	662008	魂元·百步穿杨	554751
1989	662009	魂元·百步穿杨	979256
1990	663001	魂元·滑不沾衣	86571
1991	663002	魂元·滑不沾衣	86671
1992	663003	魂元·滑不沾衣	88156
1993	663004	魂元·滑不沾衣	95741
1994	663005	魂元·滑不沾衣	120196
1995	663006	魂元·滑不沾衣	181221
1996	663007	魂元·滑不沾衣	310476
1997	663008	魂元·滑不沾衣	554751
1998	663009	魂元·滑不沾衣	979256
1999	664001	魂元·暴猛如焰	86571
2000	664002	魂元·暴猛如焰	86671
2001	664003	魂元·暴猛如焰	88156
2002	664004	魂元·暴猛如焰	95741
2003	664005	魂元·暴猛如焰	120196
2004	664006	魂元·暴猛如焰	181221
2005	664007	魂元·暴猛如焰	310476
2006	664008	魂元·暴猛如焰	554751
2007	664009	魂元·暴猛如焰	979256
2008	665001	魂元·坚韧如岳	86571
2009	665002	魂元·坚韧如岳	86671
2010	665003	魂元·坚韧如岳	88156
2011	665004	魂元·坚韧如岳	95741
2012	665005	魂元·坚韧如岳	120196
2013	665006	魂元·坚韧如岳	181221
2014	665007	魂元·坚韧如岳	310476
2015	665008	魂元·坚韧如岳	554751
2016	665009	魂元·坚韧如岳	979256
2017	666001	魂元·沉冰	86571
2018	666002	魂元·沉冰	86671
2019	666003	魂元·沉冰	88156
2020	666004	魂元·沉冰	95741
2021	666005	魂元·沉冰	120196
2022	666006	魂元·沉冰	181221
2023	666007	魂元·沉冰	310476
2024	666008	魂元·沉冰	554751
2025	666009	魂元·沉冰	979256
2026	667001	魂元·炽火	86571
2027	667002	魂元·炽火	86671
2028	667003	魂元·炽火	88156
2029	667004	魂元·炽火	95741
2030	667005	魂元·炽火	120196
2031	667006	魂元·炽火	181221
2032	667007	魂元·炽火	310476
2033	667008	魂元·炽火	554751
2034	667009	魂元·炽火	979256
2035	668001	魂元·印玄	86571
2036	668002	魂元·印玄	86671
2037	668003	魂元·印玄	88156
2038	668004	魂元·印玄	95741
2039	668005	魂元·印玄	120196
2040	668006	魂元·印玄	181221
2041	668007	魂元·印玄	310476
2042	668008	魂元·印玄	554751
2043	668009	魂元·印玄	979256
2044	669001	魂元·蛊毒	86571
2045	669002	魂元·蛊毒	86671
2046	669003	魂元·蛊毒	88156
2047	669004	魂元·蛊毒	95741
2048	669005	魂元·蛊毒	120196
2049	669006	魂元·蛊毒	181221
2050	669007	魂元·蛊毒	310476
2051	669008	魂元·蛊毒	554751
2052	669009	魂元·蛊毒	979256
